1716.46
2841.77
1252.42
4046.17
1869.41
1473.51
6434.79
3630.08
3279.31
3787.64
5497.93
2086.00
7048.37
3686.92
910.93
6927.28
6004.87
6331.37
128.86
7067.48
1532.25
4301.29
569.90
4129.52
5084.12
3869.28
4700.55
1747.48
5171.14
1235.55
6841.55
1029.13
1590.59
8293.31
7507.73
7698.19
7904.23
8426.52
1165.91
8306.95
6091.51
927.94
1636.33
8342.95
2596.66
5126.62
1575.81
4547.08
377.37
2661.23
2626.00
5350.31
5170.04
7265.94
8308.71
8420.53
7738.06
855.06
2801.78
1288.42
3189.91
1917.35
5963.78
4522.17
1030.18
2834.52
4941.56
6554.61
2944.87
4210.02
5994.91
2816.13
4351.88
147.07
4322.10
4229.32
852.27
20.66
8417.43
2015.64
694.44
8030.69
6105.36
3166.26
7531.26
3573.02
7054.03
6848.50
2695.07
4008.96
7692.33
959.00
4755.84
3474.00
4700.51
5849.48
1385.88
8089.62
1037.85
7446.17
6224.31
6674.89
446.89
4213.11
1499.53
401.99
1744.08
2589.81
2506.33
2332.74
2234.95
7191.57
7404.78
5948.17
7967.26
7142.23
2104.06
961.08
8339.17
2525.08
337.45
3049.09
1554.31
7941.61
264.51
6577.54
7756.91
8295.26
8398.81
7090.06
4262.12
2555.20
5320.29
4462.89
4253.28
8108.38
7672.47
2328.27
3701.99
6724.64
5121.67
1251.17
6054.35
4.40
6875.72
3375.72
6816.90
2522.43
5992.08
1818.04
2857.02
1343.43
7777.76
5133.94
2365.44
7954.03
5844.58
4900.23
6863.71
7196.97
6666.53
6479.20
3399.76
7815.74
5832.64
1484.15
3951.62
5641.47
8014.87
4865.91
6811.81
5925.43
6104.93
6159.02
4802.68
8178.08
540.28
6425.58
4274.57
7991.95
3637.75
4555.98
4362.45
2610.28
7603.81
1347.28
565.50
6228.08
6608.84
4030.34
4989.39
2795.63
8410.30
7740.54
8320.27
3064.60
5728.60
1593.10
3029.05
8139.34
6861.66
5337.07
1428.90
2088.10
8258.83
4397.70
1426.02
537.32
7399.99
1721.35
6396.08
7042.56
4452.25
6429.32
4014.62
638.69
1324.70
7159.76
348.29
1446.10
1390.57
5083.09
4556.60
1597.45
8239.88
6401.86
7221.26
2187.90
2001.58
5207.20
111.77
5736.12
5436.07
4223.80
7566.25
4283.66
838.88
1171.84
892.73
2998.54
6516.58
3782.89
8147.54
69.59
7108.69
4551.28
5445.53
1373.65
2335.17
6487.92
3656.32
4142.16
8062.63
5590.32
3734.37
1071.12
3915.49
1263.85
7827.49
6264.52
1651.94
222.10
7499.30
746.48
4526.78
6518.31
7074.05
3292.23
8160.78
2772.98
2198.08
3728.65
1228.27
7217.94
4548.43
7003.81
3807.27
4365.85
4128.05
2908.38
1146.37
5050.73
972.09
3791.45
8303.53
1198.22
738.21
7529.54
5952.98
1984.55
2709.95
3370.88
2179.55
2847.58
5878.67
4241.99
2308.58
5564.97
6715.85
4929.88
8021.72
2587.04
3374.69
2894.27
1753.14
4470.90
7229.78
6874.98
8144.69
667.18
471.20
4618.37
6840.39
4040.36
2421.06
710.35
6515.31
1328.03
4202.69
3555.16
5995.47
3786.27
195.35
5529.03
5150.74
6867.23
4836.63
966.29
2179.96
7515.75
4489.26
2710.31
3658.48
7516.52
8100.35
6697.69
6120.78
4900.26
1475.52
2735.39
4112.54
1895.50
3868.24
1300.01
1005.35
5178.51
5590.53
7286.05
7493.39
4898.41
7856.06
4606.97
2380.05
6339.89
7785.71
7476.14
1108.36
381.39
4576.35
8336.19
5990.43
5745.60
4192.63
4556.50
4442.60
2694.13
6018.11
7499.23
383.89
6094.32
783.32
8240.50
3455.25
3139.11
8270.79
1199.56
97.64
6366.02
7412.54
4652.12
3575.11
3769.88
4346.71
401.05
3556.18
4654.33
7527.07
861.56
3054.21
1185.58
52.79
151.31
775.90
6766.62
1881.00
2898.50
5131.41
7961.62
870.77
7390.18
4774.31
5094.41
7156.54
5729.53
2517.55
3573.93
7943.68
6933.74
8343.84
3035.25
2878.92
6770.72
4743.93
4822.74
4003.70
8182.80
2942.51
309.17
7706.97
5522.59
959.38
2186.01
2854.69
4074.10
5178.21
1765.30
7885.70
7731.16
5525.82
5814.54
7893.05
7409.01
7351.29
2174.29
1895.84
5103.03
6624.90
5906.65
8241.64
6326.66
1292.57
8436.60
1852.94
375.14
646.20
6059.86
7051.62
7933.89
5863.28
5104.17
743.24
830.10
6684.44
7123.60
1508.80
4148.03
311.63
5927.90
1536.38
7201.33
4608.92
7165.74
3194.06
1941.34
4671.29
6332.32
1651.94
5322.48
6531.60
3552.88
534.64
4165.04
3887.59
7640.06
2198.62
2577.15
6932.55
382.10
6781.37
2017.89
5089.57
5520.91
2407.86
8154.18
86.57
1982.82
4242.15
6180.20
6106.40
3004.89
6665.30
1852.55
3520.94
5116.31
7127.67
4228.76
6244.44
2236.08
349.78
7044.08
3833.07
6190.96
4086.42
5454.89
8157.44
6840.73
5755.68
2823.30
4722.56
3009.17
2966.36
570.18
4518.71
2077.20
8217.88
3348.90
7761.99
800.89
4367.66
5907.07
3285.37
1207.42
6777.30
7960.33
7295.76
4351.77
8233.54
4666.88
3428.04
3581.52
6920.81
7929.54
1159.92
8147.69
7465.79
3574.94
3215.27
2311.27
4503.06
6220.32
2764.75
7848.09
4729.89
3043.55
7282.07
1578.83
850.86
2693.22
7759.39
3363.18
5657.79
6745.74
2200.94
663.79
1785.20
6083.95
3676.25
4603.85
3038.81
1061.05
680.03
5593.52
7337.03
2258.03
7394.27
8115.95
6849.73
4009.50
3873.54
211.82
6243.75
4179.37
8108.62
2207.14
6658.21
3246.31
4619.29
6940.64
3148.63
8381.57
7561.86
5838.92
4081.40
1811.32
495.53
8103.72
3702.76
1501.11
7521.78
8277.45
348.53
2243.58
1830.82
7515.81
4832.53
7594.12
932.65
158.90
2122.33
7316.77
4540.55
44.87
7541.27
1012.39
5704.48
1374.67
291.11
1453.36
6015.53
1769.89
3987.17
1267.98
6254.25
7390.98
7120.28
5881.67
2043.54
1366.44
5652.34
4423.74
1320.61
675.81
7574.26
442.37
76.37
6020.00
5416.89
813.33
5166.45
1457.85
7802.49
4137.05
8047.61
4797.63
2776.93
1387.76
4705.75
4107.25
6528.90
5924.99
4776.24
3562.89
964.71
2484.11
7523.51
7677.88
3137.34
3009.43
3718.24
210.17
3662.81
2055.28
2033.77
2488.67
8279.66
5322.34
1858.69
4156.61
8230.82
6881.23
1667.52
7923.38
8049.97
7407.93
2877.78
4758.92
3131.71
4247.72
2471.91
7105.44
4382.77
2745.96
3021.35
4086.92
5041.78
7096.20
3703.58
613.57
887.02
5233.76
2373.33
2966.19
2037.56
3990.11
1512.89
5410.18
3464.13
5780.77
1144.14
1741.40
5354.80
8373.89
962.26
7640.47
3525.91
3341.19
6998.44
6458.61
6239.78
8035.55
3996.31
4196.70
3946.86
977.69
6122.05
5534.60
341.85
7585.48
2384.26
4027.71
4754.43
7681.09
4861.57
2464.41
2979.03
6871.26
1692.95
7954.99
7919.54
1148.45
5629.73
5251.27
3306.13
1872.03
2076.41
6916.21
3848.17
1223.18
5861.98
7738.98
1524.18
609.76
5652.83
6417.96
3431.15
3621.53
5214.40
4996.33
4940.64
1698.17
3445.97
4282.18
5700.47
7629.45
1148.84
143.00
6429.32
5848.46
6132.24
6734.14
8223.98
55.22
2330.16
1346.11
1448.47
8263.18
7678.27
1987.76
490.68
633.23
6482.20
8078.57
5039.71
5291.07
5284.08
2783.19
5249.25
5802.89
7660.17
7362.77
6709.44
3521.97
2298.57
3404.20
7965.85
5514.91
7992.37
2053.01
2805.80
7791.79
5892.38
6146.16
1720.14
3633.52
4394.89
2591.19
6132.55
5815.73
4765.54
3122.81
7462.98
5000.10
1492.02
5684.79
5035.77
6180.91
3374.09
5212.53
3268.19
74.81
2199.36
2675.37
3703.50
3453.00
3256.72
4026.60
613.48
2691.87
5651.01
5657.92
5692.79
6013.55
7802.23
3976.80
5393.35
6800.24
5975.49
1086.26
6846.18
4508.91
4381.39
8333.69
4306.16
7639.91
7120.79
8270.13
3174.24
469.55
2915.46
5484.94
3074.57
3482.73
8039.35
7692.37
7873.70
8261.75
847.96
6138.98
3417.29
5748.95
6288.94
3545.04
7877.81
4898.65
3.97
715.90
7018.49
2391.82
5807.18
4822.63
6231.09
889.18
7692.43
3416.29
4377.70
8235.29
4973.84
2601.77
5468.60
7797.69
5373.25
6473.35
5817.78
8289.93
1395.07
1633.24
5731.63
5526.85
1810.90
4925.88
2330.24
5498.30
6446.09
2880.98
811.47
6030.93
8210.95
671.46
6611.57
6165.21
4898.99
4027.84
5025.88
5586.12
7413.99
4277.94
597.52
6400.22
6691.29
693.40
897.38
1749.94
84.12
2421.87
5645.96
5571.33
4331.38
4646.24
4570.66
4320.61
2810.07
6244.63
1416.82
8188.68
6877.45
4411.28
6621.54
2896.38
1320.73
5772.38
2719.26
7632.06
6552.58
7397.71
7668.54
2658.40
3242.82
5856.73
3963.03
2120.59
4212.80
5005.31
2342.55
3386.03
1309.51
4653.70
4666.24
3372.44
1558.37
7411.64
5181.21
6788.85
2740.59
870.45
5324.40
6474.44
4101.10
150.56
4398.75
1428.09
6887.72
7592.40
4114.90
2490.27
8150.23
5065.07
3749.66
8090.16
1664.86
6635.16
7330.92
5432.97
3496.85
6893.67
4246.25
1293.33
1617.40
6908.55
1756.49
7508.72
338.27
8040.75
2492.09
3033.82
5315.57
163.96
2522.63
8048.70
7787.90
7941.08
3134.13
7442.92
4902.15
4602.69
3519.14
8029.49
6585.83
1120.71
2818.50
4272.14
2779.59
4183.64
3657.93
4323.88
5075.60
6911.16
3735.03
6012.16
2862.37
820.32
7571.46
6264.56
7312.01
508.40
8063.54
3959.42
8411.38
4390.02
5522.04
2469.18
5208.65
4757.66
8329.74
7154.50
7716.14
2465.34
6955.45
5124.03
467.70
63.34
5509.42
3908.45
5267.35
3582.54
1413.88
5158.72
4207.40
4231.45
180.62
1498.46
2356.01
3142.46
7355.28
2043.29
7443.84
6350.00
3083.45
2930.27
3903.04
718.40
5664.69
7218.10
6243.23
6427.38
6354.73
5998.48
1535.41
3246.46
4914.15
6540.83
241.15
3541.87
3184.03
3710.20
6561.33
5665.78
247.68
7919.39
6186.52
1731.12
3408.44
6046.28
1377.60
2878.50
1592.73
5187.08
1783.45
5680.48
1082.50
1680.91
4654.10
1610.58
5710.10
1255.71
7076.10
3120.13
5813.02
3947.57
2564.96
7660.07
3712.48
8122.46
6213.63
573.09
5779.98
6559.01
1537.02
5102.79
2062.30
6507.09
8201.72
922.98
6778.98
481.90
2036.02
7763.37
1569.66
1430.41
4662.63
1755.64
1007.26
5710.68
6670.82
1608.91
5269.58
3650.12
7011.94
1466.10
6089.25
7105.90
2024.63
1069.59
4624.03
4019.21
8371.59
390.03
1779.42
5431.16
914.80
7851.66
2382.60
2397.45
7946.36
6195.71
1847.52
5958.19
65.07
8176.37
6390.32
8315.33
2698.96
6264.37
7996.50
7141.06
1911.73
255.65
4832.12
6102.06
2801.94
1336.26
5649.35
6988.50
7110.04
4072.46
6743.47
3075.01
7312.52
1002.82
2295.55
1826.20
6969.39
2779.43
2526.38
7801.56
2731.18
1708.34
1488.79
1103.18
6632.02
5968.41
7147.87
8432.13
1952.42
5680.18
6714.97
6322.35
161.37
4003.21
8314.48
40.21
7249.93
3323.86
4498.69
71.03
160.08
2187.19
3519.39
6121.89
2222.19
1757.60
4700.59
1362.90
2925.39
3340.54
7513.47
1955.97
1051.53
3873.93
2619.40
4874.79
1092.76
4080.35
2210.80
3895.02
1416.24
5683.45
1166.51
3085.70
3895.59
1951.57
7089.29
4827.58
1973.20
2682.54
719.19
3933.11
7997.14
1646.17
5652.94
7255.01
143.38
4736.04
8362.93
8417.76
954.36
5104.24
2922.27
8136.13
6386.57
2508.05
8235.95
8420.83
8359.07
1498.03
5916.08
4624.86
3108.95
1682.82
3012.45
4291.40
5125.40
5804.46
1139.83
1291.81
3082.97
7550.98
5536.80
7904.55
2251.03
1989.10
5597.36
242.47
2991.81
6217.39
2710.25
2079.94
6336.32
1694.10
826.51
1095.02
1855.28
2211.95
5158.43
5678.86
6381.23
3224.17
3229.40
3712.11
4751.77
5035.21
5306.18
1479.66
71.44
350.77
534.81
3097.49
4692.67
6937.99
5694.30
3548.80
1589.74
5934.58
4908.44
4202.35
5329.17
2971.86
4599.76
4807.23
765.32
4884.42
3315.37
1634.21
1956.43
6329.87
3414.11
549.36
1250.92
7274.13
8013.08
2415.41
2554.03
670.85
3815.64
1311.14
5470.31
7662.81
6406.88
3131.32
1406.64
3837.92
3126.72
6930.33
6245.04
6727.60
955.58
1889.80
985.84
5854.00
1763.20
7042.50
3857.53
5594.30
7941.59
4681.02
562.46
3779.05
2774.83
7363.14
638.84
623.35
5596.36
7666.34
2336.79
5057.64
3104.75
6787.38
8227.98
1445.16
8161.70
5472.99
2290.39
387.26
1399.69
4053.09
3085.41
8417.72
6430.82
5253.61
555.79
5659.80
3165.29
6732.47
4358.19
1251.58
6619.89
3752.39
915.18
5584.51
1521.87
308.87
4803.53
1324.81
4046.40
8359.02
2935.42
4575.71
2929.52
6100.10
2913.54
4613.27
3983.19
7490.24
3598.16
4362.98
3115.22
1095.27
5156.85
5255.57
37.85
6970.99
4198.98
4019.86
4857.01
4611.64
2970.18
6403.30
2822.21
6009.09
3366.27
8223.86
5891.48
2.34
2988.10
6760.85
829.68
4003.93
431.21
6912.56
1812.20
7069.93
2613.55
6859.36
2669.14
4730.88
959.98
6275.34
3680.43
2439.13
837.58
1700.25
5978.33
1206.03
1645.27
3953.35
1125.28
1488.51
3793.15
5582.20
432.60
3742.78
8257.13
4598.17
3660.83
3919.13
5157.56
3217.74
369.52
3611.74
4505.66
2096.30
1788.69
7730.28
4172.87
1046.62
6324.67
3345.80
7974.40
3115.06
4731.39
46.92
8017.98
6464.48
6320.54
4615.64
5075.78
205.62
3651.36
6159.96
8118.89
2971.24
1948.45
707.56
1028.18
7257.97
7109.78
3664.37
5224.89
299.54
1314.54
6723.07
1068.04
2088.58
7943.39
5305.94
171.62
2531.90
5108.54
6629.02
6019.81
6198.32
4725.45
817.95
776.33
1536.23
4289.96
5063.20
4875.90
7961.13
8054.61
6106.46
452.06
5316.81
1342.86
5322.76
544.40
7486.31
2608.18
3468.62
3108.37
5031.64
1120.79
2918.57
5673.32
4537.56
8020.78
7447.51
2429.15
491.88
2107.25
1083.22
4264.75
6723.78
3758.53
993.50
7797.77
5494.44
8277.95
8361.57
1458.47
1939.97
8142.13
1241.88
1219.82
4038.69
8421.06
2655.54
6723.28
5438.79
5942.33
1206.37
6621.50
2266.05
2637.19
244.87
256.27
5773.13
1168.18
3755.00
2853.20
5941.14
6788.13
197.25
5512.11
7962.39
5749.73
159.02
2063.33
501.30
3731.08
6120.78
6389.89
7370.54
6275.24
1002.03
1289.15
3100.37
7880.33
7697.61
587.26
875.27
5417.63
4615.44
2226.33
4031.16
2836.04
7002.20
2712.34
5472.60
1430.40
7309.10
3361.26
8281.16
6356.39
7126.86
148.64
4817.96
4352.51
3605.28
223.48
4089.83
7506.88
6186.43
5252.75
7909.72
6881.35
2984.93
7293.84
7027.69
5226.95
5220.48
7297.86
6676.68
2302.38
7248.70
465.94
221.32
1248.46
306.18
26.35
7354.79
4286.47
3732.07
3761.18
4524.88
5264.97
6896.73
8312.85
3484.06
4365.63
1822.82
1340.30
4901.20
5097.07
4159.40
8440.06
5073.91
200.51
3407.87
6796.35
7877.06
5567.66
5985.77
4699.32
3137.79
3678.52
819.22
2726.58
7330.50
4127.89
2318.61
5005.51
2113.76
4103.14
2637.54
1834.92
250.99
5443.16
6633.10
336.35
7495.06
2030.26
5431.40
3969.53
3635.61
930.98
2949.02
6141.46
4138.63
716.78
1369.40
295.84
4242.78
3456.18
5689.27
6090.35
5494.69
2116.23
4120.65
3811.13
5482.48
7713.70
1268.89
6850.27
763.89
648.61
6463.71
2758.84
992.57
4577.67
6071.35
4881.75
4235.02
4113.95
5528.42
8409.17
8026.42
3565.51
7929.79
2011.40
2558.53
7552.70
1755.23
5737.10
3844.69
199.93
524.24
5378.68
7202.33
6285.71
4390.95
4045.41
6482.63
2287.72
589.14
4170.18
1355.50
6267.77
697.64
5997.24
866.48
6761.07
3280.40
1338.27
5915.96
4006.85
4704.17
6489.11
6957.15
5545.95
7520.97
1211.08
59.23
2107.45
4760.65
1749.40
4041.63
7700.16
2918.04
4838.02
3400.51
4961.26
7631.89
8090.07
4503.15
4140.62
3372.83
3082.82
4272.12
6964.32
5076.96
6405.39
1725.49
6853.97
6195.29
5437.25
6708.85
7367.75
1675.19
4066.86
3863.31
1240.57
5373.63
4666.42
581.14
6541.18
6975.69
2242.70
2045.19
5436.17
7954.39
493.25
7657.95
8130.47
6299.56
2879.18
2250.26
2115.21
2585.25
1517.75
4305.74
3434.58
6893.43
6721.22
735.17
2140.88
7866.55
4089.16
2353.50
3203.23
3103.35
5062.34
225.97
2509.40
8052.11
7384.74
3806.95
509.04
7407.01
1870.62
5599.12
7632.53
3597.99
8271.36
7926.40
1887.81
6534.06
175.83
2177.36
2804.25
3764.18
5243.95
4952.54
8354.49
4800.62
3110.73
5872.28
5772.86
1383.83
4507.77
7193.38
5851.08
513.61
3510.37
962.88
8353.26
5554.68
1735.40
1943.63
3048.46
2467.57
326.86
6307.74
1511.29
2515.70
189.33
8046.82
6542.61
477.78
6543.86
592.55
3685.49
7126.56
3269.36
4033.77
6426.20
2303.39
7266.39
821.23
3664.76
3651.03
5163.46
4741.35
5839.75
6498.30
6433.71
1773.73
7403.58
880.98
2532.46
5161.77
5070.79
5918.39
364.04
2401.56
4107.22
2945.67
2590.90
2914.30
3744.91
5837.27
7881.05
4763.45
826.50
8291.01
4342.89
7621.46
5851.84
6496.11
5925.60
6423.75
6442.66
3395.79
7592.36
613.25
2831.52
5463.63
2833.63
2747.63
2171.22
5752.03
2384.48
2831.57
7227.77
5850.16
7300.93
1283.99
2825.88
5273.49
1691.86
1262.57
4963.76
4174.10
3305.68
902.14
5020.46
7468.34
1742.08
6522.22
3217.37
7623.25
6984.56
1137.09
3083.04
4509.65
7664.32
966.63
6607.40
1344.72
3402.82
5106.21
2229.91
8399.20
7813.65
2486.62
1019.48
7433.65
3924.54
4137.34
994.59
7621.07
4954.11
2264.34
4672.28
2900.23
6996.15
5351.88
1995.42
2945.45
5792.90
7940.70
6360.93
3797.95
4879.69
6989.33
4239.43
3188.08
5479.67
626.44
4314.69
1317.58
5012.93
2094.37
6021.18
1187.07
460.61
3090.43
2226.28
8058.43
2132.03
2213.34
4406.30
2999.96
1492.26
7653.16
147.17
5703.70
2835.49
7336.33
2795.90
1949.32
8412.57
6397.35
3814.46
666.39
3765.59
5332.77
5822.23
2675.76
7869.70
8341.19
8418.35
4144.40
6791.09
2651.93
1181.69
2641.08
1108.18
4939.22
8183.43
4934.86
5215.19
7999.57
7127.77
2623.96
2907.91
6461.02
5963.95
3381.96
4221.21
1289.64
7697.76
2461.63
7022.52
3358.84
5228.56
7552.81
7241.94
3811.96
3501.69
3547.37
1326.75
794.79
6751.04
6840.59
6501.52
2002.93
6347.00
1572.15
5154.55
7405.40
2301.08
2966.92
2456.39
5013.99
2648.21
7997.71
7913.11
2531.65
6383.31
3130.72
3947.18
826.86
7244.74
7873.06
719.93
6011.30
105.43
6138.53
1471.48
43.48
5736.86
1204.78
2551.17
1744.01
6981.02
4626.71
2804.31
3620.19
8135.02
3372.59
6810.36
3156.51
6087.61
5173.10
4941.14
632.32
7318.13
7308.81
6996.50
1340.98
3299.29
2638.34
1187.75
5370.19
8021.43
7842.20
4764.89
4788.35
6448.83
6461.90
2189.56
7556.28
6631.28
818.90
1743.28
6147.78
7627.94
3047.09
4851.76
4353.64
5574.06
2785.82
6121.56
5973.64
169.76
5797.89
6932.94
2689.00
3313.23
8221.81
2624.27
631.71
7004.07
7091.96
3446.55
4967.85
7812.88
1667.73
744.56
4969.42
820.54
3898.81
4023.11
7226.24
3286.74
1868.52
234.28
5902.53
4266.96
667.27
7582.53
3778.23
7024.92
2033.83
1344.99
1562.19
5991.17
7231.98
5058.79
2853.13
6809.54
4911.50
3674.04
3524.46
5987.44
1508.33
7268.90
5699.49
179.73
7544.16
913.76
6914.17
7340.00
6421.00
2270.55
3938.44
7151.24
7013.52
1151.14
1642.21
8405.56
7255.26
4181.91
5672.98
7220.65
2185.03
1858.67
2863.22
7524.91
1914.89
2675.04
6653.71
6708.58
2474.45
5496.54
5490.27
1607.86
107.92
2103.28
2170.86
3609.43
3882.70
5303.90
7664.71
2331.13
8298.13
4376.42
1131.73
3666.65
1989.92
4550.07
5458.40
3260.39
8007.61
2909.80
7136.31
2761.73
4132.67
6114.66
3046.43
5209.99
4555.43
6331.61
490.51
6506.14
178.35
7799.62
5755.11
4740.53
2689.93
1279.49
2603.42
1423.17
3634.38
7839.44
3196.68
5970.80
7413.23
890.55
5454.12
5054.96
1781.49
5922.34
5599.45
6037.91
6738.98
7711.19
5766.02
1948.30
42.28
1456.15
1719.55
8162.54
5063.76
611.31
1127.40
3701.31
452.54
2677.85
3838.52
6664.89
8097.17
5219.69
3408.46
7225.03
2616.43
6648.65
7478.48
6781.66
7775.36
6166.73
5301.28
3503.48
4830.44
4418.57
116.67
5680.74
5438.49
490.21
5648.50
4259.65
8357.67
2302.51
1296.79
1326.77
7527.76
2348.06
7296.42
7706.01
133.46
8389.42
3661.30
7164.64
6104.62
1786.87
1458.21
2600.34
5599.37
5952.45
5065.49
2416.43
228.61
7630.03
302.42
7464.00
7460.53
2420.62
4170.67
231.56
1633.15
5904.71
5963.40
3233.41
6456.36
1467.20
5778.03
3227.52
8175.14
8175.39
4100.17
832.78
3277.20
3483.94
2555.83
6329.61
7106.87
335.42
1139.48
6075.15
58.48
6319.01
4426.14
8164.50
7466.68
8178.67
3499.00
4366.77
5992.00
6294.55
7059.28
5473.02
4372.74
3411.58
3893.10
6798.92
3960.17
994.51
4754.51
1331.17
1250.71
7975.82
482.70
8215.26
1323.39
7387.87
6051.09
819.32
6544.07
7673.67
1595.43
3315.55
2357.57
1883.16
1381.80
1657.89
5483.75
2776.69
4759.47
4914.06
1694.43
1945.69
83.00
570.75
5178.46
781.94
2994.15
6976.70
1688.34
6410.09
7853.29
5930.32
5675.77
5736.83
2085.78
4954.94
3865.91
6424.29
8201.42
4208.88
6693.87
2289.79
4802.70
7158.80
2166.58
660.08
6964.07
1575.93
2042.70
4060.07
7595.47
2328.02
1343.68
7588.08
4489.11
6732.51
1436.06
6408.09
2083.00
3866.73
3001.66
342.83
5698.49
444.24
6972.45
215.18
6289.72
5462.06
4008.92
2027.60
2213.77
6268.89
5117.80
5896.85
708.05
2137.70
5361.19
280.62
1176.61
119.52
5983.66
2767.76
1738.44
4162.93
3956.39
7289.06
2883.67
5796.09
5947.15
3308.18
7293.50
5612.35
3114.11
1482.66
2090.19
1487.01
3698.65
4433.97
7208.46
1303.74
1622.41
8194.47
7053.39
4604.10
4015.77
5660.90
3671.98
5401.98
6814.59
1531.96
8370.91
115.17
5911.23
7515.21
7036.06
7293.62
7721.19
1597.65
4675.24
5084.75
3568.35
6279.74
4748.02
7336.46
682.33
6060.76
3239.85
6071.37
6946.66
5607.61
6665.22
5356.62
1518.11
2154.42
3206.85
5356.36
2856.25
7801.88
6372.82
49.88
40.38
3614.67
566.31
799.29
1678.10
7447.92
5689.06
6104.44
417.87
2549.17
7449.04
8361.91
6477.60
3781.54
7067.78
3811.10
6707.30
169.25
2307.83
263.83
4213.32
7490.53
7028.40
3700.70
5076.01
4971.47
8426.69
3514.37
1155.47
8211.08
3444.63
2240.65
3982.29
4508.04
8188.27
3399.71
614.22
4256.54
1667.18
6871.43
2844.44
5179.72
1954.33
5179.55
7607.27
7822.63
1899.88
2209.70
2260.07
5000.35
1496.38
1994.55
2409.98
311.52
2953.22
5258.62
1319.58
6114.28
7327.49
6960.95
5186.99
3641.23
2082.65
2077.42
1059.34
5852.67
1281.68
3157.82
3468.05
8301.59
243.62
7164.45
5544.58
8213.38
2598.17
8245.53
8252.37
5536.79
2615.29
4399.12
7376.60
1505.85
302.88
6671.16
5036.49
1350.57
1471.53
7610.40
3613.54
6540.68
722.82
2080.33
1413.86
4791.95
4246.02
1078.12
4168.00
3312.07
3003.12
2597.31
5873.29
4459.00
3153.96
1873.46
6030.85
4432.42
5139.19
3664.69
3595.38
7326.94
3694.36
869.28
4393.39
3496.10
6051.74
4606.34
337.12
1765.29
2164.32
6840.45
6750.26
2360.04
2339.65
8170.19
3021.98
1350.34
6219.21
7195.26
749.92
1633.29
365.83
7025.04
2028.10
6169.71
7751.96
3917.10
6893.63
2078.58
5256.54
6518.96
1815.41
6874.24
4009.84
2706.30
4989.37
5057.49
4863.49
4201.09
4888.13
8215.96
5138.87
2015.24
7160.67
2699.47
4567.39
6908.93
6349.05
6234.96
7743.66
405.60
1687.65
3377.03
361.65
7955.96
1638.55
6689.36
7599.03
3723.57
5168.15
6524.81
1281.94
3398.31
2476.13
125.72
7446.32
5586.57
3026.14
1338.75
3582.58
1965.07
3930.84
4353.76
1467.32
900.84
7891.93
3256.14
382.08
1430.60
5952.34
1592.08
2300.04
8206.29
4444.75
7058.76
8002.24
7804.20
4772.92
4259.72
7816.34
5848.58
5195.90
6983.59
4474.60
6294.58
421.44
6799.32
2375.19
3765.79
6581.73
3175.79
2589.63
2997.58
4895.57
6587.69
3533.55
3583.96
6167.40
7400.56
1058.70
5406.39
4661.51
4463.90
385.15
1067.17
3606.49
3190.25
84.32
5013.23
6598.84
1219.29
3801.56
7234.70
505.65
3608.17
4062.97
4029.26
7659.57
3129.81
3631.03
5128.34
5648.40
8315.82
282.92
177.62
4887.88
6788.20
5409.25
289.72
7644.63
3889.63
4014.67
2149.33
5495.22
5437.80
4217.73
835.46
6346.20
6930.99
5617.58
3371.52
7962.16
5962.40
3257.37
5127.74
4858.45
289.39
3457.22
6167.84
332.66
8388.15
6688.08
2392.76
5102.62
6868.86
936.53
4213.19
8250.95
5144.74
7922.91
7763.40
5592.92
8405.79
4339.89
5458.69
6193.90
2693.13
4277.33
5960.31
3130.73
2423.67
105.60
6371.14
2421.38
7417.51
286.86
3292.01
806.68
441.24
7794.52
7360.28
642.60
7213.63
5949.63
1599.83
2277.85
1227.96
5357.96
6753.06
2570.17
1401.52
4215.59
4114.09
2958.63
380.13
5712.60
854.51
8418.53
3146.49
7136.14
5185.99
6527.12
8282.13
5047.11
6625.65
8151.95
8071.43
5126.63
3183.62
4075.87
1005.27
8032.29
4729.87
1335.26
4161.51
4903.81
1419.87
1799.08
2050.92
5746.90
5291.03
950.52
3602.02
4584.16
6564.42
6620.60
7819.67
5699.05
4414.01
3338.38
144.03
1273.10
6770.81
4973.10
4151.59
5610.37
5531.99
4059.35
3402.21
2595.57
2713.62
1377.86
3295.88
2937.56
8344.86
7421.71
1131.62
3551.49
7922.65
1615.58
8009.12
2953.04
3458.36
220.00
6828.03
8410.67
6291.72
7673.02
3452.82
8109.43
5584.52
3595.90
1081.07
2124.73
4688.28
7349.13
576.16
3522.62
1605.31
3380.89
2403.04
16.92
3359.27
2901.06
4378.43
6738.33
2557.45
3519.04
534.36
3945.57
5754.62
7764.46
6598.48
6343.47
280.01
649.95
1131.81
6630.85
3161.40
6009.88
1851.71
432.65
218.75
7303.37
5365.00
6156.42
2047.52
8393.96
2407.57
689.49
2690.04
6310.66
4513.11
790.02
2230.71
4472.30
1947.29
6766.48
6570.61
7267.77
7590.75
525.86
6924.84
7243.30
1004.26
497.57
7020.68
2409.89
6924.68
6454.85
3369.66
5405.92
1389.38
642.93
1141.55
2500.93
160.69
3112.17
1293.31
7606.16
3086.30
4384.08
3668.71
6235.82
7807.51
2767.24
2939.56
1557.64
1328.30
7936.68
8306.66
4057.43
2386.13
3363.98
4308.09
3212.07
2078.59
7565.67
4726.82
4433.86
6278.76
5593.00
6687.85
6179.99
7816.89
3638.10
2776.44
3606.16
3866.23
1617.83
3785.19
3296.01
3083.73
1104.04
1992.88
8163.07
2448.11
5277.97
5510.41
5232.51
501.23
2416.50
3097.73
3393.35
5175.19
3579.29
4370.91
3508.50
1527.41
5158.32
6323.34
6869.55
362.65
6070.81
5411.85
6354.33
8260.24
6202.11
5261.34
2019.16
7869.23
6374.71
6561.66
1380.48
5549.72
5597.32
3042.90
763.86
2689.98
4151.74
5588.55
1221.06
5376.85
3170.37
1266.22
3830.99
3903.88
4216.40
750.72
6649.13
4123.60
4042.38
6109.95
2476.69
1682.61
8040.08
4098.97
535.32
1352.70
6861.49
2419.23
5816.50
7440.34
5965.04
3403.06
647.82
6912.32
3519.20
360.75
2583.92
2666.71
40.02
6187.98
3247.58
2211.21
7741.63
7876.97
7869.53
3334.03
312.00
7122.51
7246.76
7902.73
595.35
1805.55
6629.45
6323.44
8116.21
1816.20
7739.51
6687.85
465.54
4423.71
2948.78
6593.29
3789.22
6502.13
2587.31
4610.86
6369.67
7500.71
3763.33
6961.46
6130.33
40.73
3059.94
5111.81
3599.59
8257.29
2012.96
6597.01
7408.18
3291.87
5782.59
1999.31
6093.65
7608.25
3413.58
4960.54
4078.21
6162.44
2809.62
5818.18
2766.21
2746.52
2376.70
7952.66
4102.69
3275.11
8438.15
7187.99
4342.10
1549.21
811.60
3144.47
984.89
3924.16
6243.64
374.36
7625.09
1524.15
6072.55
6143.18
6409.95
1485.66
2879.87
821.03
1709.79
4547.58
6644.86
924.77
4811.50
6812.58
616.53
6771.41
3139.45
5814.94
2972.13
4415.76
5834.84
7823.44
366.54
4823.98
8044.37
6866.24
3813.31
912.68
2066.93
1428.41
2079.14
7886.13
595.44
6582.44
5579.65
2419.99
1821.11
5136.63
1225.79
3719.58
7227.13
3538.09
197.57
3949.61
2874.18
3081.18
7747.86
6686.36
278.80
7963.30
381.99
1327.55
7530.46
4991.00
8249.96
5389.84
6311.17
5906.89
1750.19
3436.62
2719.41
2614.52
1460.12
7733.59
6019.78
2842.87
6971.83
3112.84
7377.60
4268.60
183.19
4884.99
7284.29
6223.77
6747.26
7189.27
1445.21
6796.65
1882.53
717.83
214.86
1040.76
7776.12
3356.75
3878.83
2723.81
1190.77
2027.06
3597.83
5063.40
1709.77
8315.71
484.67
2521.68
189.58
3206.25
2747.77
2062.85
4809.96
5810.61
680.79
4057.04
8230.86
12.20
1452.83
2249.96
6068.25
8144.59
8138.70
2889.28
5100.31
4675.30
4821.42
5554.08
6774.18
3984.32
741.60
1367.52
6336.52
7111.37
3839.13
8212.44
1678.69
2793.04
1133.78
1157.62
1649.94
4559.88
3984.52
5362.53
3574.56
2726.43
6673.41
5509.73
1641.61
1031.05
7734.04
6392.86
3035.59
4024.46
6302.24
1878.38
3081.94
4632.99
1007.67
5968.71
6807.69
2809.60
210.45
1675.07
3131.81
1012.89
7868.60
971.11
6443.98
2374.51
6647.00
2019.73
7761.28
4422.80
6867.13
5888.08
8022.30
3909.58
3831.07
7403.72
5644.31
7578.59
3558.96
5747.35
24.57
3961.79
3432.45
6295.06
2862.90
2675.35
4471.90
3444.43
3064.44
6109.06
7235.57
7285.39
1168.26
4967.06
470.70
3652.19
7196.38
4636.43
963.89
6183.80
6253.55
2990.57
7315.34
477.27
1033.39
3250.97
5247.34
1851.47
4656.62
2816.66
3528.18
1294.75
7192.47
5882.35
2300.74
4828.84
2108.06
2719.03
4612.67
5554.23
3562.28
726.69
7323.54
7644.28
6777.02
7329.70
634.36
6865.14
404.04
2478.05
7736.71
4967.21
5998.65
3482.96
7647.43
3761.42
6716.37
3878.38
8358.62
5526.02
119.20
3925.35
3772.86
1064.44
1408.52
2132.22
7697.01
5404.18
4715.12
4316.52
176.20
111.22
8427.05
4123.60
3688.86
2221.20
7949.60
2257.65
6954.10
5831.36
1015.46
5296.14
1403.30
642.47
4590.77
7517.82
3063.07
2394.38
5831.79
3955.86
3798.31
3001.93
1191.80
4114.96
788.10
8387.54
6885.54
5443.63
1269.89
2355.63
3339.09
7492.96
3495.60
6828.62
6025.56
3590.61
1071.64
3075.47
2373.12
1163.07
8292.61
6887.58
4001.72
3265.80
2872.17
1945.80
5741.17
7459.46
7239.29
7709.31
4165.61
3288.35
8289.58
33.48
2513.53
6823.03
3340.53
5246.98
1607.26
6694.95
4304.48
2709.83
107.69
6118.44
4822.04
2391.41
7200.51
2143.22
2340.37
7556.08
5666.96
5493.91
3440.79
5938.29
2663.19
831.43
4013.92
4633.95
3406.70
493.90
5413.83
4989.42
5986.88
1241.77
1660.01
2914.74
7959.20
884.61
3636.10
198.39
4288.64
1115.22
900.49
1485.58
663.40
6765.11
5235.71
1400.32
626.05
3715.41
6534.50
6845.71
2617.33
3457.97
6025.73
2241.06
6697.64
2245.48
1368.12
6476.60
2607.85
3534.51
4504.82
6995.32
2416.02
2653.30
6825.44
1774.46
5780.28
4874.14
3018.37
2811.07
7787.08
3996.06
2151.97
775.82
7089.81
7008.74
724.04
2592.56
6132.22
6013.98
1457.94
4975.64
898.31
4484.83
5673.36
7024.75
564.38
1957.53
5148.94
8044.15
1581.56
1890.34
2699.04
980.20
886.33
378.98
7750.52
2025.54
3270.01
7951.00
4345.07
5533.34
386.06
2506.71
3660.64
3554.65
3599.52
3563.19
4999.23
6135.85
1115.11
7122.84
1736.21
7447.49
2106.31
2617.47
4486.21
3736.54
3007.36
8281.18
1591.66
390.88
788.26
1733.28
1298.08
2648.48
6968.37
4963.76
6485.86
7277.69
7870.96
6524.03
4454.38
650.01
875.97
233.29
838.58
3602.70
2549.94
7381.42
3941.02
6242.81
1913.37
4652.87
86.21
4389.78
125.50
2503.07
2096.64
602.89
7205.99
6416.26
5474.95
5408.01
7392.40
3086.57
6799.44
7148.65
3328.76
6573.66
3231.67
6022.67
2572.92
7105.84
6905.81
3742.86
917.34
7743.62
5584.79
2344.23
4501.68
6843.92
3249.18
4532.01
6940.91
3702.07
3845.20
5081.99
7261.76
4552.90
824.97
1320.99
7009.71
6837.56
5655.90
8111.58
2664.78
3050.16
7370.10
7350.32
1013.66
1140.34
3609.58
1016.91
8037.65
2227.21
449.03
1318.75
7225.53
4315.47
2407.07
6485.41
4948.77
709.78
2387.20
2120.01
4389.52
4195.27
308.41
1969.71
5333.23
8012.16
5894.59
8379.46
2993.34
3961.24
1170.79
5606.62
270.55
3151.72
1634.06
4075.71
5077.83
1019.87
6814.24
2159.94
2531.95
7084.26
1059.73
4859.15
203.19
839.81
4448.26
5638.64
6359.56
3229.58
4674.35
6009.36
7308.74
1975.98
6120.26
218.03
269.93
3984.18
6825.27
5404.70
4761.67
1274.07
667.51
8109.94
3444.43
5823.73
8183.79
4486.04
5629.88
3114.10
3716.56
2044.15
1494.52
3107.68
156.61
1915.96
5781.68
6918.83
1501.81
5258.52
7883.81
375.62
3263.98
7873.05
5231.64
6110.80
578.05
6369.18
7267.20
2804.52
3187.39
4581.67
6169.21
8216.34
7250.22
3314.60
4497.21
2506.87
8061.66
5577.59
1324.68
4094.08
5840.03
2622.46
8045.05
6228.54
4582.52
4835.60
1267.23
6229.69
2740.39
4435.73
2960.38
2497.18
625.29
8253.22
8074.35
2891.89
5090.09
26.66
1413.39
227.58
1533.57
7218.64
6350.45
8261.43
4073.92
4978.87
2184.61
6866.28
3671.03
3885.28
2125.78
277.47
8194.16
5201.15
6823.89
1609.20
6820.99
6368.79
805.14
476.77
5763.45
4358.87
6818.09
1755.99
3924.82
2185.06
7306.36
1801.04
1494.20
8150.85
6671.36
952.37
602.42
1007.56
8291.52
3934.29
4842.26
748.06
5447.96
3304.43
6235.42
2253.01
3541.16
7209.72
6359.13
3505.50
12.65
5144.06
8146.78
5630.85
8416.87
3736.84
508.85
1610.78
5948.37
5350.20
6665.31
5871.12
1403.07
7679.15
6553.35
7459.58
5678.77
1617.08
5423.00
1657.08
6268.85
197.78
3226.01
3552.69
5637.81
5391.92
5344.79
1626.38
7130.33
4118.32
3262.37
3369.37
4605.88
4540.64
7893.66
2680.12
4864.73
3860.77
3755.33
2329.29
3500.81
233.25
3757.18
6018.36
1942.34
254.17
5079.79
6832.77
3580.79
5253.03
4966.35
2866.05
2538.60
7404.91
6357.11
1388.94
8250.38
1663.61
8299.70
7895.86
707.53
3814.00
2465.56
3778.07
4826.51
6010.27
3566.68
6126.98
5938.06
5205.73
8306.26
3358.39
1579.28
5475.42
4440.21
4675.00
1992.61
4139.17
4571.99
5240.05
400.73
1087.81
1626.01
7397.45
6336.17
8091.24
7839.06
5812.68
2721.95
3632.43
5488.13
8328.74
6311.03
1312.28
5699.12
5259.02
70.63
2835.83
7586.43
3021.79
5283.97
1665.14
4678.12
1862.90
6003.49
6381.21
3032.02
8069.07
684.67
6278.59
2883.42
3106.55
2332.98
8429.56
48.67
8229.39
7359.47
6233.28
4596.58
938.49
442.15
5205.02
4295.43
291.51
869.81
2662.47
5429.58
1183.57
5145.35
7339.04
536.44
3712.92
7641.43
6481.47
575.47
5771.47
4803.15
5542.72
2556.69
3479.19
5562.60
789.53
5475.47
7966.14
5525.14
7456.38
7682.63
6086.74
1746.53
685.09
5172.66
130.75
4958.85
5371.31
1600.63
7960.26
482.29
2985.30
8400.92
2468.17
6360.85
690.56
2566.31
7517.72
3704.92
4031.41
6811.64
995.60
292.59
3364.92
531.20
1823.50
8093.32
3864.04
5989.03
7034.59
3026.75
2647.56
122.33
5432.95
8165.96
8420.12
2808.43
3003.67
2346.18
2015.46
2662.42
5159.90
596.59
1725.65
3728.34
7433.26
4918.50
2392.81
2925.92
3396.47
2460.77
7326.93
6647.01
5463.80
7103.30
2280.79
6564.52
2061.39
5297.91
2386.46
6321.69
7980.77
7800.59
6728.28
7176.62
1794.84
5611.90
587.05
7137.90
6797.88
375.23
494.35
5872.89
2251.28
3635.56
4035.37
2854.02
2659.52
6406.60
3376.99
1837.68
7258.60
1248.75
6681.22
8055.90
7290.98
4130.06
7722.17
4562.14
1857.02
5061.73
2598.38
6068.10
19.61
6375.39
7416.24
7411.26
2132.61
7408.66
4310.26
6638.37
6857.80
3773.15
5717.39
2249.28
3651.42
2496.53
339.97
7776.72
5166.92
1218.34
7502.00
5748.03
3695.58
3151.98
6156.42
4328.70
5922.27
2783.52
1048.23
7950.82
6338.26
6664.52
3043.25
2917.48
6924.61
6695.27
2628.73
4632.36
6002.79
400.76
7649.60
3130.31
3528.92
167.25
7493.03
3530.66
8106.58
4978.52
8086.72
2364.08
1252.80
7941.19
799.09
6860.86
7345.23
2855.09
6990.46
1964.28
7975.07
2991.12
2214.75
6044.95
5929.26
5631.85
500.17
3976.53
5969.96
2984.27
7692.27
2416.58
632.16
1851.69
1683.52
8239.89
3866.90
1520.73
1976.49
1837.71
5275.30
7735.99
2273.78
6145.95
8044.38
6359.30
4517.67
5047.58
3361.59
4158.10
2662.53
5209.33
2478.16
4207.03
3631.08
7321.09
5665.95
159.25
1202.80
5344.34
5280.80
7576.03
3092.57
1759.08
6297.07
4549.32
6556.20
5160.10
6779.43
6629.60
2071.25
3612.63
6688.61
6508.59
7669.60
6925.79
6119.15
7867.26
874.29
5055.33
6994.90
7701.63
8029.50
4841.43
5714.55
2013.61
7353.03
6998.88
1412.51
1348.92
7230.44
3621.31
6962.06
7021.76
2895.86
3822.95
3745.44
8363.08
2285.51
4796.86
663.85
4178.86
2757.58
5865.27
5143.84
2473.51
8017.93
6583.84
5384.49
4413.98
4436.61
317.94
6419.88
1827.46
7229.54
3819.94
1089.30
3204.59
5858.13
5703.25
5311.96
6208.26
1650.64
6394.87
8114.57
7805.96
620.64
8195.31
4684.71
1819.60
4451.42
6368.24
1903.44
5759.97
4126.48
6170.50
8218.35
307.84
8403.34
6530.85
4037.91
6344.24
4184.55
5568.99
6734.63
6229.28
972.69
4410.71
2193.62
1824.44
7909.50
8267.64
3840.53
7565.84
7507.82
208.68
1050.16
3362.20
4311.75
386.11
2535.60
909.03
6162.99
5986.92
7078.66
124.83
5030.35
1683.14
4994.36
6378.17
2039.55
8332.35
7755.69
2296.17
3390.76
6361.72
3961.73
3896.82
27.96
3215.62
5817.71
1417.73
2016.38
406.98
6574.43
7094.13
1408.62
1120.52
2298.12
7335.83
7326.08
523.07
1039.95
3768.54
8395.64
5830.13
3626.89
3030.72
337.73
7110.28
1430.25
451.82
623.93
893.12
7358.50
6750.58
1847.74
1530.49
1139.79
4481.25
210.76
1769.13
3699.23
4296.73
1593.39
3770.65
3619.02
6303.84
5380.31
1226.98
4807.35
1861.67
2415.93
3610.30
3414.01
1669.13
4915.07
6942.00
3865.24
653.83
3204.38
5123.19
1180.70
3503.50
2281.19
3092.80
7239.82
7114.98
6715.02
7964.38
2714.83
6922.19
6614.08
8121.51
3871.31
790.83
2426.74
414.38
5572.31
7803.13
5287.98
3635.26
4487.96
2648.17
6030.44
4227.23
1356.25
7649.87
684.85
6638.23
2439.84
6914.51
8224.48
787.47
5658.46
7097.24
3884.08
4.00
7245.32
1700.28
6754.83
4435.12
7309.48
830.26
3.37
3140.10
7697.75
5087.45
8371.97
3842.64
923.18
1171.03
6549.21
7002.19
8261.90
468.26
4473.86
8137.87
4122.94
7965.77
3743.41
5645.25
8012.37
1483.73
2351.53
4856.71
132.05
3453.64
1241.37
8155.07
4885.19
3286.06
3947.40
6017.34
7927.79
3799.15
7610.39
4226.07
2566.99
5545.23
1936.73
8376.75
5561.14
5586.43
3062.30
6548.57
1352.51
6847.77
2704.15
616.71
7205.01
5507.44
1862.73
6568.77
4555.52
5648.55
7828.27
2589.46
4428.58
5732.40
5259.02
926.64
5949.23
433.32
7692.23
7180.37
2902.00
291.15
895.00
8148.32
4808.36
5464.47
5131.73
7259.59
6333.48
1932.51
4668.66
2579.39
965.10
7337.56
2528.48
6299.96
7596.46
7378.87
3994.62
237.20
2274.05
3668.24
899.87
510.13
6422.92
3022.07
6031.21
7295.85
1842.76
7841.42
6046.29
5367.60
2440.15
4390.44
360.99
8047.40
3820.92
4221.61
120.39
2296.45
7216.50
4658.96
809.54
4313.76
6160.94
7303.03
5000.02
4909.56
830.25
2929.30
6054.82
8393.28
7225.01
1135.39
5202.97
8041.02
6056.20
4942.55
7451.27
1135.99
7527.75
393.10
1299.73
2491.05
60.00
2961.39
5000.15
3805.75
5812.93
2546.06
778.80
2611.66
5545.75
963.29
1149.50
1657.27
5500.60
8235.11
811.16
8242.58
3841.17
5047.49
7603.73
6358.56
4143.62
6115.44
1037.97
2217.16
784.49
961.95
1659.88
6599.06
4524.13
6124.44
4018.01
3698.31
1741.26
5070.16
3791.14
5097.04
5262.01
1897.66
1550.24
5329.43
1467.01
8319.74
5185.40
2680.20
6565.39
7779.61
5587.46
8294.12
7642.70
3315.19
5628.08
3962.83
2198.32
5676.08
2201.54
3392.74
257.89
15.22
1211.35
7111.70
2454.53
5328.06
3878.67
3894.67
6904.89
5502.03
1135.45
572.20
1732.99
1077.55
2066.14
2137.83
5274.03
4192.85
2362.50
8201.22
190.15
8428.65
7643.33
5840.44
772.98
22.24
7041.58
2464.32
323.39
5705.51
6189.19
5232.05
178.44
5325.79
1044.26
1947.75
2111.57
3625.05
5161.27
4218.92
1164.66
3493.57
5940.22
1912.56
1765.61
3252.50
1306.52
950.02
4092.66
8190.09
5318.52
5705.04
1130.92
2566.73
6357.95
5643.39
7613.67
1928.75
2504.79
2281.95
5896.84
475.95
4145.08
5199.29
7989.45
4235.82
5525.93
7578.46
2878.03
5749.35
3780.05
4191.77
4889.90
8022.75
3278.35
2684.41
2780.59
1192.85
894.60
5350.10
906.09
366.75
6916.40
6399.44
3448.96
6387.11
3948.10
3599.78
8005.74
150.60
3934.14
8134.41
1337.55
1084.73
1528.74
4484.50
286.09
5593.22
7503.63
3209.73
7518.27
5267.40
1704.21
7969.84
1071.83
5436.89
6306.61
2614.92
1333.73
6696.05
7519.13
7519.65
7600.73
8119.86
8273.84
3547.62
7505.03
5859.61
412.75
7503.39
8043.77
5554.12
5096.43
6305.48
6613.66
7187.32
7691.18
1158.50
5006.83
870.58
2201.83
2157.65
5821.04
7134.32
2618.80
6155.22
495.47
261.63
2128.84
5858.12
587.60
6558.44
3444.85
3684.53
3583.20
6508.67
5503.30
7470.68
3764.65
7332.52
2198.22
841.10
8243.72
7686.98
5724.33
1594.33
562.20
1384.90
1124.79
6123.29
6385.22
6274.50
5849.22
6203.23
462.99
4015.59
5602.45
3661.42
2652.22
6613.01
4649.19
4733.81
8329.81
7752.60
4053.96
1808.59
5279.85
7813.24
5556.51
1181.54
316.95
2814.72
2681.56
5247.35
4075.18
6585.44
4717.78
7972.70
414.62
5046.79
1517.95
1930.64
7655.19
4693.37
8261.62
2593.39
7455.26
107.73
2143.22
5056.18
1673.03
6282.00
6220.55
6371.56
3666.29
7340.27
3152.31
4700.17
3563.27
790.34
4903.80
5902.76
5853.58
7460.71
5548.40
4361.29
1114.74
7104.16
1712.38
105.53
2809.69
7075.64
1536.77
5913.98
7158.02
3283.90
5354.92
7846.84
1443.84
370.84
2100.83
6141.06
3568.48
6007.24
5092.27
199.34
4650.48
7122.10
3319.44
500.96
7814.76
2559.66
6082.09
8330.44
3006.99
799.82
5234.84
2922.32
6584.32
1046.24
965.24
2348.14
1118.20
8234.97
622.49
2667.05
6855.06
449.57
7279.58
3794.29
7059.98
407.40
1335.02
2010.14
2337.70
2258.60
8348.71
4392.50
5842.50
1216.60
3810.86
2477.28
1983.62
5370.41
3694.99
3478.79
6852.90
5197.02
4384.20
475.82
7259.67
7435.40
7383.90
1574.30
7403.86
3480.33
4412.83
7990.95
7889.48
4632.23
5222.91
4689.50
7234.69
7801.77
4225.70
345.72
7298.76
2045.48
4456.92
6167.93
7222.42
3709.63
3058.83
42.38
4456.19
3960.45
2854.15
1177.41
6736.86
520.54
4969.64
986.03
4256.50
8228.02
7103.78
203.94
487.44
3365.98
3966.54
7295.35
4420.42
6795.30
4058.48
1228.60
2610.75
5738.54
2296.82
2716.91
5559.86
7240.58
3009.77
8098.54
6322.45
3815.26
446.66
2837.37
1280.33
175.96
3370.26
5033.74
3574.53
2941.78
7920.66
1243.62
7229.65
7395.36
6243.96
5195.58
2100.85
841.06
493.22
4820.41
3631.35
834.36
4931.42
3319.70
7961.08
2850.48
1682.21
214.55
1367.01
3276.09
8253.68
3419.94
116.50
2081.35
4233.76
1319.88
5568.91
858.19
7586.25
8118.79
870.40
256.68
1208.17
8410.45
7090.56
6144.66
1993.57
1536.84
1131.84
7307.12
7365.62
5403.63
4664.19
8353.47
4827.51
7233.28
7325.80
1777.00
7912.74
5411.67
1332.03
2184.57
6768.69
3518.18
3170.35
1516.80
8241.64
323.33
3237.98
6277.70
3833.97
3617.49
902.38
5655.97
4233.48
3303.41
428.45
8394.23
8220.99
6232.19
6710.10
82.83
1340.19
4362.16
4866.89
2801.72
4585.65
7073.94
7062.28
2545.61
2131.87
5029.08
6736.73
8209.44
4506.47
8138.69
6265.35
4662.58
878.04
1663.90
7519.81
1629.28
1290.24
1073.20
8102.07
5442.81
710.77
2805.03
4533.64
1538.04
4892.58
3649.12
327.97
5447.63
4589.15
6752.73
6267.91
3013.36
5087.12
3721.00
2576.20
7131.98
4684.12
5031.63
4507.59
4158.79
1477.36
4194.64
4939.99
709.02
8104.82
5987.50
7610.39
1564.56
4907.83
898.35
8322.58
8426.24
2931.35
6846.14
7218.03
4514.70
3346.35
1054.47
3143.54
5770.63
67.44
3792.69
4012.55
1101.09
8230.48
3885.09
3385.64
6894.66
2479.26
6601.35
2140.28
5639.03
2186.68
600.62
2035.64
5402.58
6388.54
7043.03
7261.38
448.70
3342.58
4539.69
6028.87
3623.02
8286.61
6695.48
6918.33
8357.86
2388.73
3055.75
2662.13
7337.19
2472.82
3923.42
1860.72
6839.58
547.36
2881.73
7978.23
7158.92
4832.32
5280.33
1733.56
2596.45
7464.76
3765.23
4863.67
417.13
4784.15
5633.01
6869.07
4223.90
7182.72
5985.13
1006.86
1694.05
8028.72
8247.44
1577.30
2536.99
2562.93
8012.68
1235.00
7304.33
8129.47
3815.84
4385.41
6232.65
2274.94
1806.23
8182.82
7131.24
7300.71
4657.84
3138.70
3908.09
6390.58
6779.90
3416.23
265.33
357.83
5739.63
4855.82
4301.34
1510.38
6099.92
7587.26
1555.94
4465.13
2817.87
603.88
6250.85
3873.74
3372.89
5768.26
5118.01
2507.04
5002.86
2856.08
5025.31
454.46
5630.40
4999.00
5836.16
3423.98
3175.52
5339.10
1684.67
751.20
865.34
7772.28
5816.79
6660.39
4628.49
512.43
5776.91
6980.49
7167.02
2024.02
5313.11
1919.11
4008.84
8330.78
6459.13
2036.60
6783.60
7610.13
7004.06
2379.90
5027.89
401.35
5184.26
2609.70
2036.00
3788.48
6720.72
2338.66
2495.02
4391.22
3288.71
6074.37
7921.76
4797.46
688.13
1798.23
2483.23
3627.34
8026.88
8074.19
5575.90
457.56
6843.19
3383.33
499.61
1629.13
6458.52
3245.12
775.81
8316.86
3068.33
6185.70
3480.47
187.77
3049.18
6125.41
4687.26
6299.67
5091.08
2863.47
2833.39
1172.75
1320.99
932.77
3293.80
8.06
424.59
7879.80
1416.04
4361.55
7344.62
6973.06
4726.30
1638.88
201.37
4786.95
6598.74
8127.42
5830.23
7727.80
3325.72
1595.89
5672.13
4364.27
6037.84
7431.18
1030.72
6143.70
471.41
361.09
7012.30
8400.51
7290.35
2556.83
5018.50
5203.97
1455.61
5967.22
6947.21
783.32
573.54
7575.44
1904.07
8233.85
5348.03
5917.53
979.95
7598.83
5144.94
5345.38
6761.18
2719.25
6104.83
2640.32
2689.17
2418.24
5726.77
4135.42
2471.26
4382.41
7527.07
6232.92
1591.47
5355.82
4233.27
6256.86
660.29
3776.02
6587.12
356.92
8416.81
1475.81
4407.11
3192.36
1108.90
3090.42
4389.36
1242.87
1644.63
6586.05
286.28
1249.88
7248.47
3485.09
440.57
1584.67
4955.78
2323.61
5413.74
292.62
3392.38
3921.53
4850.90
963.53
7726.29
7602.94
6527.70
3741.39
4478.50
6382.08
964.67
8398.14
4110.15
5438.31
2768.84
4251.34
1459.45
905.61
2442.07
5332.63
6122.84
1064.97
2094.94
1767.61
5974.36
2959.47
8015.40
261.86
5906.24
2445.26
3775.37
2448.26
8254.55
5050.35
7149.54
8306.92
8080.81
466.87
4410.34
7137.15
4259.82
4384.69
800.64
3540.95
109.45
7094.36
2102.72
3573.52
7582.60
6293.67
6543.04
3828.76
3221.83
192.08
4491.04
79.67
7998.51
1442.09
7856.95
6280.91
2651.48
3466.85
4575.76
7448.17
4216.06
6781.30
3338.99
4731.38
5405.60
3512.65
299.36
2545.13
7255.72
2750.37
1768.92
7216.15
6441.41
1013.23
1578.67
6206.13
1217.79
6704.82
3577.32
2466.17
642.62
6449.58
587.15
3381.24
6484.94
1101.97
7957.78
6614.37
3874.50
4382.79
5221.10
2274.69
4391.90
1242.66
6958.33
4213.10
3190.64
3951.78
1786.40
1078.90
4500.56
1.05
3486.80
2443.57
3019.45
6817.23
3312.85
4812.66
2099.68
4680.94
6184.12
1014.22
5037.36
968.29
8360.77
5614.72
7225.54
149.57
6619.53
2725.07
6538.71
5442.32
5883.60
6933.28
4063.70
1091.01
2374.54
3132.06
7417.94
2864.77
7462.12
8046.80
6572.47
1977.81
7786.48
2513.27
1317.09
5627.83
6513.92
2254.74
523.50
4456.76
496.38
1055.18
6077.35
112.73
5831.02
5031.31
5687.46
2828.23
2929.74
2455.43
1609.01
3967.56
6815.08
3350.55
507.42
684.50
405.69
2798.86
4957.07
7164.99
2805.09
3782.47
34.93
6256.17
6923.73
4719.98
5799.63
2424.46
4507.07
2513.76
6555.06
754.57
1840.43
2012.32
4447.00
6030.67
796.59
1246.70
7770.03
4634.47
2570.88
1098.03
4909.47
4680.45
7315.84
6712.07
3007.09
4659.62
7659.81
445.31
5660.56
3261.92
1333.82
3748.63
5134.10
2981.10
6480.71
7921.97
4119.88
4932.39
118.62
4487.05
3416.52
8023.34
7516.49
421.06
7319.19
4541.10
6210.75
7057.37
1563.64
5271.93
8250.67
2399.79
608.93
4424.91
5786.68
2302.52
2378.69
1502.78
3382.55
1459.13
148.86
5615.42
6510.41
4170.44
4928.29
2077.35
386.93
7141.30
7579.15
60.23
677.30
8077.91
2514.05
503.69
7849.37
2356.64
6517.60
1124.78
5994.37
1212.66
6093.06
6710.88
1555.88
6674.92
4761.93
1546.16
4675.62
3335.34
7279.47
5630.86
2367.58
4132.59
6980.59
904.55
4275.08
8120.33
2902.03
3004.07
5928.44
6126.69
2394.91
2502.82
8127.92
4218.36
6251.19
1100.93
8289.53
2857.67
541.47
6351.53
7989.46
7210.36
7457.08
5793.06
693.59
3832.20
4133.66
8165.58
8309.65
3575.66
5622.97
1504.03
204.04
5301.51
3807.43
544.04
7011.78
8370.31
2475.08
3784.34
2783.50
667.19
2195.05
7907.59
5553.21
558.20
1163.51
2817.59
3670.23
6832.31
1054.79
1393.24
6969.52
5565.92
4445.60
1157.94
6065.81
8427.17
3087.91
4043.43
1666.15
7993.80
2735.03
4297.48
3149.25
730.71
8363.90
2266.79
4686.81
5807.36
2858.66
1025.98
2699.36
6285.22
7769.31
6266.11
8300.29
2742.19
4918.13
5181.53
6587.43
7181.95
4131.06
6504.32
1935.05
8053.83
7034.45
7838.62
3396.71
2729.99
5882.22
4358.87
1612.11
178.09
738.52
4594.13
7930.70
1216.58
5918.26
2500.68
1533.63
6523.25
1632.45
2508.89
5181.53
8350.25
7906.13
7665.81
4883.83
6817.73
4966.43
3477.56
7180.05
7016.84
7535.62
5445.97
803.99
3778.85
8433.27
3368.45
8029.86
4034.70
5025.43
682.19
3210.62
1448.94
2369.50
3514.69
7215.89
4282.71
8358.60
3437.74
2760.97
2040.34
4626.16
7497.55
2186.96
4741.33
314.80
80.68
6922.40
1490.89
5563.24
3230.95
7278.34
5704.59
2534.64
5388.12
4818.01
8258.56
4459.40
8236.67
3468.68
1712.58
7803.35
7878.91
6141.25
1958.36
1937.49
8196.53
7863.42
8355.91
5971.64
5106.53
4419.34
6305.09
291.71
5811.39
5125.11
3500.94
6871.98
3736.54
6658.55
1365.80
4027.52
8175.38
1707.60
1940.89
2482.46
7075.03
4108.72
5836.93
7591.89
2268.00
114.28
6181.01
2541.64
3431.81
7832.57
7939.56
5749.98
5901.41
8354.96
7048.72
442.32
4970.75
6840.49
1872.82
6065.26
473.80
3432.55
804.82
7632.55
6360.17
4046.71
95.25
1332.74
5138.22
5425.24
3567.72
5350.21
7462.06
7758.12
5301.34
7510.96
1588.22
1007.15
7005.74
5067.93
2176.74
3510.79
7074.34
3014.76
5019.57
3566.06
4497.10
5787.09
4013.37
6884.72
6036.17
2340.81
2389.68
5395.10
2711.38
5926.67
3172.69
1074.07
6227.69
4815.00
5003.33
5348.29
3466.30
6381.98
4293.01
1210.34
7064.29
8077.80
6971.78
6534.36
1921.38
7520.44
6398.82
5525.55
7662.65
1602.49
4839.16
2830.75
4935.45
6061.79
4366.83
5852.02
4605.30
3552.28
7609.27
250.99
1434.64
3209.33
87.11
1502.92
7579.66
5394.49
1255.28
5189.01
7278.95
2358.97
872.18
885.22
4114.47
6723.98
7612.78
4985.26
7944.82
6815.89
2016.86
6293.43
6161.02
8347.52
5563.51
7763.01
5769.06
3953.72
6356.94
7851.12
7058.82
413.42
7570.09
6005.54
4883.26
4142.16
733.56
1533.76
3187.34
2710.72
2556.86
3985.05
2047.49
3391.05
5442.84
2159.61
6473.56
3190.69
5166.58
5917.85
5609.69
1534.41
6565.12
6799.32
5897.70
3078.58
4977.62
8053.60
3063.00
998.95
4415.00
8162.03
1377.12
5273.07
3113.08
967.15
6022.76
4259.27
5626.08
7075.86
1886.30
3506.25
8292.37
591.29
4923.84
5711.44
1188.63
7500.60
3413.62
3461.99
4293.33
1183.38
7895.01
3423.27
5823.52
2575.41
2600.45
840.28
1881.68
2520.29
7175.97
8137.87
7780.54
7297.83
6228.83
7219.93
1988.46
345.94
4452.16
3013.95
388.26
293.17
7683.10
2315.03
5966.36
7804.20
8351.18
6113.48
3797.08
1332.46
401.37
900.86
4314.89
249.02
3630.13
2827.72
3174.05
3505.19
4530.10
1442.23
8199.66
132.53
866.06
5160.35
1675.01
326.17
409.79
3410.04
2126.51
2066.50
5076.69
7393.36
2844.82
402.75
5525.16
4075.77
7486.08
2677.17
1372.17
4850.64
4069.12
3250.91
2017.63
7071.12
3465.62
7274.58
6902.57
3779.32
4611.99
303.75
7628.14
1210.49
3055.75
2883.95
1135.92
8034.76
6570.38
4239.29
5627.48
7407.32
4555.84
7002.19
1749.29
6252.94
7435.33
7418.79
3789.39
7910.11
2672.95
3078.89
6207.35
7011.88
3243.02
6313.14
3602.57
4854.20
7817.99
6653.75
7960.95
593.58
2616.83
8068.88
4648.97
6803.30
5326.47
4571.67
64.02
5454.68
7313.12
3067.12
180.15
921.82
6362.64
5686.64
6956.11
5924.37
1809.36
2884.84
4466.95
595.74
6400.67
2662.58
2745.81
775.34
2089.11
2418.77
3402.52
3220.03
7571.69
6843.02
687.57
2280.99
907.80
8234.97
8141.77
1350.97
7139.71
684.06
7989.71
2048.97
4067.75
8165.11
5369.48
5227.57
425.25
2760.43
6155.08
8013.15
4415.80
1087.26
4235.41
3409.48
8169.84
7192.78
986.94
1062.54
1651.51
8292.50
27.57
3561.22
1946.07
660.31
2198.09
3501.77
7318.10
1730.38
5065.53
8064.74
1016.63
2468.17
3848.64
5601.48
628.93
2688.77
7598.94
7823.58
7142.07
4302.82
6687.48
7102.20
2304.54
5516.81
7198.61
6231.50
7323.69
8284.74
1675.61
1174.29
7855.82
5730.03
4249.68
4979.99
3041.36
7439.16
867.95
189.87
5867.81
6352.81
1618.54
2886.14
8108.15
4785.12
5224.12
4918.21
747.28
6321.04
1839.02
1811.38
3245.00
6218.99
7961.19
3254.46
1007.29
8328.91
3526.84
3798.74
2217.55
4851.31
4094.75
7641.54
303.19
5168.00
3721.65
6182.05
1196.44
3308.22
5097.06
8150.85
955.58
2378.03
3946.51
7890.61
4287.60
6317.57
187.58
3426.36
3792.01
5495.52
4741.36
7736.63
1941.72
4882.26
5851.86
3950.36
3433.18
3853.38
8447.43
4099.10
7155.67
6589.08
775.70
2720.33
910.21
7640.81
96.44
8266.82
4763.22
6352.75
5243.55
6469.70
6342.78
8290.72
1772.57
1829.52
7376.17
3805.66
3423.96
5111.36
1160.61
8065.87
963.50
3583.66
2027.35
2343.69
2643.04
1072.02
4432.07
4927.21
4529.83
3433.78
8169.99
808.22
2125.67
7682.45
177.24
7154.38
4915.42
7784.22
1672.65
5200.06
908.38
557.88
4528.60
2711.56
5340.26
3340.99
7940.77
7138.70
773.02
5911.70
5418.64
3671.40
7400.69
2734.43
5771.77
2905.23
2800.53
1460.99
3576.05
5135.43
1829.25
6013.29
6808.86
4679.57
1969.07
6473.73
7242.68
105.02
5931.64
3568.97
4502.02
889.25
6167.70
551.64
2582.69
3477.76
3210.78
323.08
7787.74
1539.04
1706.50
34.70
7462.10
4659.50
3956.90
2520.49
7403.84
4753.73
4377.79
5747.02
2897.53
191.58
106.04
6472.23
6884.15
3182.69
3737.44
4649.41
4420.12
198.48
3532.74
6099.02
5781.50
297.23
1236.44
3307.51
761.63
1442.20
1044.43
4441.32
1938.12
7655.27
6242.89
6967.55
808.42
1315.10
2551.10
6145.91
6098.49
3140.05
1674.64
2707.48
6595.62
6536.75
7387.80
1877.62
2293.30
447.47
3940.66
7120.88
3724.19
2010.70
3641.45
7381.52
8150.52
1406.54
3541.87
6261.21
2379.06
5622.00
5430.42
33.29
6852.14
7253.79
8352.47
333.36
3501.44
786.48
4989.51
6510.83
2486.50
5896.72
7537.23
3743.08
6081.36
310.48
2365.82
5658.34
6938.67
3402.23
7407.86
8390.16
4550.98
8391.30
4728.58
5042.87
1939.22
2723.36
6245.04
7793.34
3108.28
7506.32
3532.10
7587.88
3978.73
5114.27
7631.25
2981.87
3850.09
2516.73
2656.40
6684.52
2739.81
5303.98
7348.55
6219.75
1099.47
5359.79
2552.59
7060.67
8264.09
7188.82
4799.45
1310.30
3983.45
6221.07
430.24
1710.20
1208.79
5496.79
1827.36
2690.95
2805.21
711.24
3815.63
8269.05
2066.75
680.02
4511.50
3585.78
4334.19
138.76
6784.07
8065.05
547.54
5337.49
2379.40
5514.16
7271.07
1139.05
6108.17
8147.32
284.37
5704.38
5421.60
3071.22
5700.61
6472.12
1013.22
962.35
3579.88
682.90
1438.49
850.35
1280.06
6507.73
2549.41
5286.74
1651.82
1362.87
285.58
6140.84
1333.46
4383.05
5486.46
7986.72
1940.85
8431.01
4721.98
5212.32
5984.61
3764.21
355.92
2230.56
4241.42
7543.40
1746.62
1647.52
8376.15
4535.61
5427.24
1330.96
8283.29
1692.97
8214.54
4490.88
7793.91
877.63
3373.15
5105.98
7472.36
1063.16
5076.19
5723.19
1976.29
3747.77
7024.77
908.06
7461.81
1508.69
5489.62
1808.29
7252.54
1867.62
2193.62
7822.75
2384.93
3469.16
3963.42
2178.73
5268.62
2947.84
1190.31
5577.77
3351.92
6226.94
792.38
7797.48
2220.44
578.13
8239.43
4476.02
8433.27
5677.58
5343.73
1075.58
6883.10
97.81
2294.72
8376.57
6992.47
1318.59
7617.53
3963.08
5205.48
5963.78
6357.30
3361.83
4839.22
1627.86
8070.27
1788.09
1720.64
5043.20
5992.58
7717.64
5727.05
4419.11
1567.56
6435.37
1678.98
5115.88
416.35
5242.88
7687.03
1279.99
2759.24
2874.71
4487.07
249.62
894.33
993.37
2005.08
4477.70
2187.57
677.34
7169.67
1702.50
2566.34
4321.11
402.48
3427.59
2845.23
4811.18
3119.12
4800.82
4265.52
2865.72
5675.23
6437.90
2557.39
1064.31
5553.65
1820.60
3474.57
6856.29
2812.60
2083.55
1975.56
5341.98
8299.69
7880.82
6112.80
5474.19
2669.05
2230.89
1139.78
2830.02
6536.69
778.97
5269.37
2698.46
3687.02
5418.90
5713.77
5341.43
7044.69
4381.32
7625.00
2010.75
4590.80
4186.60
2572.47
6343.40
4930.87
3421.66
2434.39
4529.58
5188.78
3260.05
3228.49
3398.26
6903.84
5795.97
7453.96
4946.71
1127.67
7236.27
5502.52
7654.73
4278.55
8358.80
4112.96
5653.65
3134.03
1165.61
239.99
5678.38
4747.18
4396.73
6989.41
5285.55
7811.21
8149.43
2907.98
5425.78
4557.81
2595.25
611.06
7526.56
8395.55
2360.77
1513.73
5866.14
2138.73
1643.88
4449.20
164.99
16.45
7180.56
2778.65
2851.55
2680.17
1757.25
118.18
5638.15
5540.92
8390.99
8119.47
6463.51
3185.53
4496.47
2587.18
1557.84
7996.90
5602.08
100.45
8145.16
5870.54
7312.77
188.72
4953.28
1047.36
2022.69
7273.78
8212.59
518.89
730.84
2006.83
7552.60
5218.08
433.35
7010.30
970.53
4673.47
8444.31
1494.26
4193.25
1047.35
497.08
6965.27
5187.93
3290.20
5341.35
8079.45
8230.43
7805.21
1568.03
1563.87
333.82
4371.44
5440.28
4293.75
4224.68
6033.78
6883.02
7717.79
1888.19
1724.09
3281.68
5179.00
8115.83
6009.08
2401.52
8006.27
2113.38
2460.65
3870.40
978.84
7852.22
6279.86
4398.96
7039.53
852.11
875.61
3702.43
8318.75
3569.02
5547.09
7812.57
6048.05
3920.35
6570.98
713.33
3628.21
4464.03
8307.54
6259.05
2025.78
5150.47
1674.22
3324.17
5614.52
1687.77
4663.01
6852.61
7901.87
8414.09
893.02
6608.87
3340.22
484.34
6982.44
4800.78
423.86
5773.49
1348.44
1098.73
5098.03
4240.30
4189.84
2055.20
351.28
2361.70
2733.14
5793.16
7593.45
7303.76
422.68
82.89
704.08
1674.39
2926.64
2793.46
6829.19
997.25
676.84
6812.57
5946.78
6934.60
7427.57
7071.17
5369.83
1098.01
3551.01
2096.42
2659.16
6497.47
5490.08
6576.19
2869.36
6402.77
2173.35
395.34
3033.89
5812.61
1283.16
3358.73
7072.99
1127.67
6990.27
664.67
4468.47
1858.36
2912.27
1375.14
3659.24
8412.84
3005.69
1907.53
3625.60
1532.96
3922.84
4726.81
1914.73
2455.20
8218.36
8009.84
6871.00
8227.14
8220.81
3507.56
2601.28
119.05
5613.45
5510.21
3797.95
8238.19
7209.67
6026.51
5449.63
7891.49
8250.74
6883.58
8150.00
3890.57
957.05
1022.26
19.89
3679.69
7399.47
1852.53
517.25
7863.61
5736.15
1399.90
1396.97
5813.75
6186.24
540.95
1183.04
1106.78
439.28
2294.64
673.71
582.85
1742.15
709.10
891.49
418.41
2984.61
7381.82
886.59
1516.60
1256.63
4027.88
6137.19
7411.89
7814.07
1103.55
4215.37
6096.07
2130.91
7166.98
3803.79
4490.88
3072.12
4405.77
6977.71
8017.10
1547.97
4806.94
7274.37
5041.43
1089.71
5057.45
1304.64
4530.59
3248.71
8109.13
8375.34
6136.24
7687.17
1273.72
2733.37
4793.24
2792.43
2778.22
2641.31
3294.32
1378.95
6943.44
8007.05
6110.38
727.70
4088.52
7073.18
656.64
7022.32
4387.97
7234.84
24.87
2009.45
1804.01
1761.12
3602.97
1113.97
2344.40
2211.71
7999.36
8338.58
2970.90
3526.14
6372.17
6254.64
5451.15
4251.53
1444.41
3595.45
5370.53
2229.00
7373.48
5884.88
6051.30
7063.59
386.36
1300.35
4575.56
4275.16
1252.53
1700.10
1333.10
3301.47
6820.77
3105.38
4537.85
3958.37
7453.46
3599.31
7354.80
1431.08
6299.89
1901.49
1991.41
6324.79
1782.90
934.81
5696.48
2825.30
5814.66
1753.24
6106.65
3058.81
4166.87
398.18
7283.31
7168.20
4599.83
7543.69
7091.22
3920.58
161.29
1511.45
5583.66
1261.68
4996.74
6250.03
8385.18
1291.45
7316.25
8252.45
6903.99
4184.59
5315.16
7210.01
2614.43
7360.15
2028.62
444.83
5023.00
4655.44
2078.60
1536.75
7312.58
837.38
1387.22
8429.63
3288.63
3940.38
6590.49
1911.99
7646.59
7021.34
7046.29
3734.08
2161.57
6516.16
8040.33
8331.11
658.90
8212.70
5130.94
1248.51
204.12
5162.84
2017.57
178.35
866.89
2611.00
305.54
4929.87
5067.86
7025.57
2852.13
410.07
2799.19
7101.14
6734.95
3618.36
4687.91
3195.81
5544.64
2620.33
1429.61
1107.56
4401.10
4419.23
8438.94
7759.80
1165.32
7242.72
1394.23
1965.95
8238.47
2104.03
5533.70
5253.83
1948.30
4475.69
6592.77
2091.14
3492.25
2542.84
3054.65
2461.86
4294.56
7999.57
2466.64
4286.37
3268.11
5198.05
3802.62
7409.50
6666.03
3977.85
4836.26
658.05
3404.33
6843.80
3300.30
1699.97
5834.90
7661.76
438.56
175.63
6872.38
5523.53
6583.50
7108.66
437.24
5108.77
2466.90
6831.63
7697.21
1285.32
3493.24
7700.19
2702.48
8344.76
4625.86
6076.56
2177.05
1648.97
8341.45
1932.83
263.83
2310.25
6327.14
8331.90
6374.99
6761.58
8096.10
4278.32
257.94
6598.87
3519.99
2008.66
4625.42
1087.06
7399.37
5972.74
2811.46
318.72
6154.40
3245.94
4338.60
5312.96
2957.35
1664.18
1323.03
6155.28
1229.57
4794.26
2264.97
7031.46
28.25
5076.07
6308.91
6654.80
4113.38
7345.62
5535.02
88.05
8122.90
5632.38
6457.99
1710.92
8125.93
6979.74
6629.51
6491.73
7333.19
1272.35
1396.92
5527.41
1766.91
1193.35
354.15
6248.41
3450.03
2915.46
2758.34
7833.28
2480.73
6579.98
2042.80
6184.80
2019.72
3157.22
5855.25
7077.41
502.83
7066.31
963.39
5714.42
6150.68
5124.99
3477.99
8211.96
1567.59
6590.99
6840.31
2425.00
1394.92
4387.37
3670.83
4606.33
3138.42
4899.67
7790.01
15.98
5319.53
5519.75
406.90
6553.91
4402.25
1856.52
6939.26
3097.94
6083.68
3445.07
1618.19
2185.96
6036.13
8199.70
598.54
6342.63
5574.87
131.20
6847.53
4034.99
3683.64
3274.18
6620.68
1489.56
6093.89
7146.65
745.11
2675.00
7637.95
4318.23
1786.19
890.18
3710.40
1446.94
6407.19
4770.30
5116.45
2785.43
226.05
6661.20
2617.77
570.73
5868.11
5776.30
6526.77
6973.95
1749.90
3641.44
1054.09
8040.68
8260.97
469.83
3230.74
1098.46
2102.32
6831.93
8134.72
7346.78
2739.07
8416.93
146.93
6563.11
1792.36
3872.89
5790.06
3915.55
1306.79
4350.79
4974.81
6019.32
198.32
4755.54
1527.27
6167.02
5453.81
4067.65
537.42
1435.50
5729.96
8419.50
845.71
5344.05
2283.91
3070.38
1769.77
6698.92
7974.85
8310.72
2661.17
8317.10
7474.11
2917.14
5018.15
5101.71
5026.99
7784.35
3388.39
1048.49
1606.60
5873.10
8157.02
2871.60
1908.84
4412.63
7406.06
3631.14
7908.07
4024.88
8407.01
3921.24
2859.72
1563.59
4151.28
4646.66
7985.58
4457.21
6825.85
2064.92
2549.50
2527.01
454.69
4631.87
3412.15
236.65
4733.90
2212.59
2296.99
5949.38
6166.06
1386.69
8059.07
6408.31
7653.91
2655.89
1610.51
62.95
8252.84
533.94
5585.28
2664.80
6971.21
5703.20
3304.66
5136.65
1179.40
5743.03
547.24
7689.68
7260.96
982.99
28.02
2501.00
5526.35
660.14
4590.10
4878.31
7664.62
3294.23
164.36
1925.39
5180.11
4544.33
5615.34
2013.39
727.13
4125.46
437.24
387.67
5734.58
899.67
6624.83
5673.61
1738.11
6456.30
1263.34
3534.63
8279.57
8296.69
5384.03
1943.45
922.44
2428.88
5243.17
610.19
2735.94
7200.70
3879.19
681.08
1105.30
2602.18
2927.06
8263.41
7342.01
1385.71
7430.07
247.17
2676.89
3336.77
6061.93
4766.52
4507.64
8243.67
4909.67
6978.87
6015.51
5249.78
4748.86
2534.98
2273.06
1310.57
6320.51
6401.00
5078.68
7067.58
2098.57
2504.91
5714.81
7552.73
1992.43
7686.08
4786.45
2295.16
511.72
5463.57
5158.20
8224.62
6442.98
1270.29
5665.96
173.12
8048.76
1822.32
2257.57
69.46
3486.58
6672.58
2744.46
6136.90
4538.14
4199.06
955.58
2982.05
4263.56
1278.62
49.54
8300.80
2188.76
990.99
463.57
6595.05
5086.75
522.30
2739.23
667.61
343.33
2455.45
364.55
393.24
5825.36
8410.41
151.08
1818.01
3484.75
2985.23
7755.02
2469.74
6150.72
3107.38
295.12
3713.04
5902.38
6021.68
6125.11
3793.65
1135.85
7346.70
7772.59
1170.22
2142.77
5945.14
6633.81
6707.59
2269.28
730.26
2930.21
5295.39
4962.88
4019.31
5108.05
7522.21
5586.72
3858.00
4379.79
5505.16
6417.31
5163.55
2530.70
900.01
4439.81
3105.03
4799.52
3882.46
6719.94
394.82
7543.36
1695.95
3674.87
2052.34
8257.74
4406.76
8210.45
4095.80
3309.85
8080.90
231.47
568.92
1092.10
3830.23
1280.70
1899.73
2048.71
3122.77
8270.48
5131.42
739.20
2624.35
7813.10
6730.14
4199.90
3147.46
5866.06
4755.31
7733.65
3220.04
2507.98
1529.87
3785.16
2783.61
4211.88
6832.10
2792.60
5708.59
5719.81
4909.36
7202.89
3673.11
2428.43
6845.11
2211.57
6256.12
2639.61
4290.41
4736.73
3375.23
631.82
2627.74
4414.03
4024.34
4294.00
1124.86
8444.02
4921.47
3849.03
7709.66
1849.87
1388.93
5042.27
3689.28
8413.62
4378.42
1748.98
4940.42
6500.78
1736.67
4802.97
307.19
8320.14
5285.38
3695.83
7900.68
2327.48
7208.22
3161.47
2217.04
3296.93
2673.54
6016.53
1601.05
2090.51
7038.33
6597.69
2936.91
2236.28
6639.39
1491.16
7359.33
1053.79
5624.14
1589.39
7033.86
3458.71
4713.56
2346.97
1847.77
5304.49
3888.94
8052.06
6399.68
994.20
4558.50
5082.27
462.83
2341.98
3767.90
5415.23
4642.30
6489.08
4053.37
7693.16
3286.37
1653.39
5678.15
4328.81
2633.35
5382.41
4213.54
3980.54
1545.45
5909.52
6192.33
5468.56
1025.58
1282.87
7512.86
2425.15
3370.64
492.31
303.24
435.73
5773.88
3626.42
887.83
2989.29
118.74
6323.89
6266.56
3674.02
8277.56
2844.59
660.64
1810.55
856.10
4774.38
2050.97
7631.25
1662.21
6261.70
2055.01
6751.43
4243.29
2177.67
4304.39
8439.05
4990.83
7512.87
7711.92
1382.47
2422.92
628.09
1328.56
2790.63
7009.76
4236.40
5882.70
4908.98
4087.76
7379.51
4231.71
6760.69
58.74
4200.29
5721.79
2627.95
2520.05
4199.09
7331.06
3731.05
8328.71
2709.08
4374.45
8216.00
6531.97
4772.30
1646.51
7335.87
3197.73
4078.81
6471.73
189.17
6926.52
5897.95
2186.16
6136.93
7017.81
606.18
3747.16
424.12
8391.22
2471.17
8292.39
1310.69
4259.69
277.08
5136.80
30.69
1664.08
3171.64
1070.69
4510.17
4338.57
5050.17
6790.37
7146.99
1544.09
7198.25
7793.89
6798.74
6584.72
2516.45
3252.26
6506.14
2548.69
8091.90
3090.36
215.10
7860.58
7916.49
2856.92
7901.48
7316.86
5670.94
3677.27
7562.49
5702.01
8296.05
1963.13
5863.41
6599.96
2689.67
5138.29
3670.50
4897.08
7091.84
3708.69
7795.84
1753.28
3038.70
400.89
2972.73
2735.08
2686.44
8361.65
3965.93
2313.47
1440.57
7073.34
8084.22
8311.69
1048.78
2295.77
2080.67
4499.72
4419.42
95.72
6121.70
7511.54
6258.03
1889.90
1047.34
5113.13
3483.77
2806.59
5939.21
4270.11
6888.40
1209.89
2990.11
7314.83
615.86
2656.17
5619.84
4571.19
2263.15
1652.31
3252.94
1130.13
3457.40
3409.31
8442.72
6398.41
4048.58
228.08
6451.89
7434.73
3903.71
1327.96
5692.35
1877.45
3041.17
7736.06
5507.92
4854.16
6889.98
412.67
8320.48
1935.87
5961.19
5430.84
7901.43
6796.28
867.37
1701.42
1013.45
1797.32
6955.87
4989.69
3550.27
69.88
4496.52
5487.78
4942.57
3329.12
4341.11
1158.01
2047.39
143.53
2010.86
1926.06
2055.96
1315.12
3658.77
5406.09
222.41
2131.25
2454.95
4062.22
7946.64
3818.57
5978.31
4690.05
5833.17
7778.55
893.30
35.96
176.89
8185.89
5122.21
1947.30
2385.76
3632.25
1568.58
1144.11
5003.39
7222.83
4863.21
3722.65
5783.25
7305.85
7276.02
6646.98
578.23
1579.72
5422.04
7944.19
278.87
5592.15
7208.29
2582.53
459.50
4717.91
8428.08
6185.44
6459.82
3664.82
7149.78
337.36
6073.84
2122.75
6211.51
2222.05
7707.81
5516.17
5466.72
7552.96
2895.12
5433.39
24.58
6391.76
5160.17
1167.45
1954.75
7040.96
6686.30
2502.76
14.98
5894.83
7453.70
5080.04
528.49
724.93
7349.47
8408.79
3423.25
1163.79
3959.73
1967.80
5119.06
3181.10
499.21
6243.97
3075.79
4651.70
5639.84
4857.13
3868.10
6034.48
1794.08
6956.86
2699.98
4558.66
1584.94
4054.59
492.55
7111.58
6972.93
197.82
5260.51
981.76
3755.89
4427.56
2243.77
8223.27
5922.55
5629.00
5651.34
8258.22
3850.86
1992.01
8325.96
2335.80
6139.86
128.53
7579.29
7330.22
1407.74
8257.08
8234.83
5465.35
2103.35
4651.64
1122.83
606.26
2618.91
2187.73
5071.49
5904.88
1387.91
7740.43
5419.83
5203.96
8326.99
8279.99
5574.13
5609.27
4592.36
6521.48
6249.32
2003.36
4128.09
8263.83
2998.24
6948.11
3913.07
4581.23
4069.35
662.19
1755.91
5162.30
2807.99
6690.60
2023.39
453.42
4255.25
7436.35
51.69
637.20
7016.78
2380.10
3253.44
7114.24
6056.76
7975.02
4721.53
6795.77
1759.80
1255.04
7586.67
2109.19
1922.05
3341.84
7565.68
3669.66
7033.15
6865.29
7151.86
4686.17
3752.58
7832.35
240.47
3252.83
7176.21
7050.44
6293.00
349.43
8145.13
8426.97
6427.60
5336.09
3871.47
3798.98
4515.31
3902.40
2715.02
5036.39
5226.93
8149.71
3195.45
3452.38
2758.15
7347.95
8028.76
149.98
5090.38
8357.45
440.21
3827.03
2713.00
8168.27
6530.34
3309.04
7450.87
3662.40
6573.82
7927.72
2098.87
2062.66
2064.36
8170.14
4676.15
5088.97
2331.89
6665.66
1489.12
7258.43
4649.56
6886.09
2437.56
7081.02
1724.15
2526.76
4682.09
7489.35
1482.86
6420.10
3229.07
3492.76
6429.49
7563.39
887.93
3458.84
1777.69
6946.12
1575.54
3529.50
4409.94
5591.10
2104.81
6973.83
1344.07
7852.09
4139.17
3075.66
2185.50
3026.62
3910.58
3452.25
6182.39
6112.88
5860.73
988.83
4528.62
3467.32
2441.57
5264.39
7731.86
7075.27
5741.22
5492.97
5101.62
1164.83
5185.59
4182.29
3919.85
5913.55
4879.88
535.32
6436.85
6066.80
4601.37
2964.95
6266.94
5838.48
7460.35
4535.77
3170.82
6065.84
7074.88
4381.61
7279.57
3493.45
3826.76
5950.55
4427.65
1330.77
7768.12
8348.72
6380.63
3251.48
2020.35
1585.65
5488.60
366.65
5917.18
5745.61
3459.72
1072.00
7741.22
1212.61
988.31
6751.26
4875.33
3963.54
435.95
3760.75
6851.77
834.76
6061.04
5751.40
7390.89
2770.16
2454.22
2876.45
1008.06
7698.95
1167.66
4585.06
2093.32
2298.29
1076.15
7553.08
7567.21
1546.78
8214.52
6832.18
2118.83
1851.50
194.57
5423.40
3053.25
7695.97
6303.31
8139.57
3361.13
5741.10
2063.02
1126.54
6835.74
4665.00
1799.93
4076.04
6182.70
1205.57
3694.74
1726.96
5947.05
1263.40
4122.06
6124.81
7777.73
675.30
8166.19
4480.48
4249.72
1404.62
1266.48
4180.87
6994.50
5151.44
2689.09
6531.72
132.77
7922.38
2111.19
6915.86
2855.15
4526.77
1896.22
7564.14
1681.79
3023.84
5067.83
4007.26
5213.98
3308.52
5389.87
5339.67
2780.00
4097.39
998.75
2025.21
4183.63
2455.47
5460.19
6255.95
7600.38
4124.99
7761.52
6491.38
7542.12
6263.71
5073.38
6920.00
4481.30
6915.55
6077.73
5643.00
6566.29
3082.61
538.41
1787.21
7398.35
5189.45
8264.18
7656.13
911.78
7854.00
1152.45
4389.28
5015.00
389.76
5522.87
4530.01
675.75
1665.89
6692.75
6871.88
6646.05
1118.92
4930.03
3920.27
3028.36
1443.75
6803.53
734.17
1970.06
5592.08
7276.83
8176.18
3291.21
5297.16
3947.93
3805.81
474.13
3786.45
5783.72
923.84
451.65
201.79
7286.13
397.20
7583.21
5426.88
4537.79
6754.12
3802.36
2278.04
1222.36
4105.66
5653.59
7696.76
8128.39
6339.34
1375.00
3116.03
984.85
2859.59
7500.42
481.80
848.73
4935.28
3893.07
2386.17
1418.17
466.16
7132.69
6404.88
2094.44
6144.86
2599.78
2374.29
922.26
6345.46
437.37
7876.28
1282.94
6821.62
2344.73
5180.16
4754.60
59.38
4536.30
4212.77
3053.53
7927.71
3228.29
1105.84
4578.46
445.06
2647.97
5418.27
5483.60
7870.14
3079.27
2509.43
3114.85
668.28
403.30
1035.05
5398.54
958.93
1924.04
2038.25
7536.98
3205.26
4188.63
5190.31
6958.06
7793.82
238.11
7365.41
1180.26
6406.29
4351.51
1789.54
4700.01
2211.34
3682.82
2609.90
2227.54
5428.25
1924.14
3468.15
7713.55
3818.99
2123.84
933.87
2898.59
5490.98
8350.27
3086.16
7981.63
3750.36
4536.33
6588.76
8126.87
5930.55
219.60
3129.55
316.30
3848.04
2378.90
3975.85
6040.47
7901.85
1465.49
8204.36
3654.31
7412.20
8374.33
655.30
7869.31
3457.53
2615.16
4589.65
1176.48
1732.08
4025.14
898.22
4445.10
547.12
6771.60
1051.07
7530.22
4365.70
4161.09
1415.23
3423.72
1156.17
7116.91
2491.32
6193.78
2255.94
6463.31
7337.13
6265.67
7963.95
3298.88
6493.08
5955.19
7407.84
4919.60
4781.04
4985.96
3516.86
3297.09
6061.23
6769.04
3454.97
4007.54
588.96
1299.49
4142.83
6367.74
1424.23
5400.65
1593.71
2423.88
2268.97
2981.01
5208.14
1576.66
4138.72
5559.17
1217.18
3869.61
3997.54
7895.18
1752.06
8321.16
859.40
5771.21
4039.44
8252.77
6235.80
3386.86
512.88
666.33
2436.23
8003.25
6125.98
1930.88
3225.56
3895.91
750.59
201.93
3384.46
7233.46
6068.17
4401.95
5438.90
1503.75
228.79
7780.41
2625.10
6895.19
865.63
3088.11
2400.52
7014.60
2521.42
4946.57
3830.31
1197.07
6055.11
2223.74
4392.62
4657.48
6913.25
5474.39
8367.79
7047.73
132.36
7840.91
5301.63
7704.82
5310.05
1160.68
722.34
2421.81
2235.67
5629.67
6321.86
1817.30
6699.96
1168.51
3136.77
6054.19
622.95
4364.45
1328.37
206.81
2288.38
645.17
6620.22
5780.36
8368.31
3209.80
7242.32
3629.28
2254.55
8169.86
8117.74
3930.91
4925.49
4606.69
8147.47
4023.13
3503.84
5431.48
5860.85
185.58
612.49
5911.57
86.66
4278.28
5953.26
3397.76
828.87
4812.57
1840.62
537.14
6327.35
2101.93
1319.72
5989.13
1888.99
6861.77
6505.92
2374.45
2948.60
4054.53
2800.76
247.24
2640.99
1687.43
2736.89
1246.24
549.41
2562.38
3908.21
440.94
4656.19
5821.20
7849.27
6741.74
3594.39
6939.03
1779.87
6318.56
5053.48
5808.40
7703.42
3702.40
5512.52
5206.75
2910.61
6025.22
3994.81
3241.23
5663.64
8151.26
722.25
2669.93
117.81
2139.77
3190.55
1151.52
5525.08
3943.50
118.00
1582.14
7380.75
4110.06
2397.63
5213.78
4254.40
4104.89
217.93
5579.74
2665.96
2473.13
3962.46
3879.10
2290.27
1262.68
6384.91
2231.75
6056.61
7213.73
7027.02
5565.45
1484.32
3836.56
1844.81
4467.33
6065.11
5925.11
5236.48
7458.63
4523.39
4313.72
5579.32
4039.12
8254.99
4406.91
2267.45
4191.02
4889.78
2946.30
6639.32
2234.15
2804.96
119.12
8402.59
2655.06
5276.18
3409.14
8321.38
2016.67
5819.75
1763.22
3498.40
160.71
4334.59
6184.50
4277.03
5660.55
6945.98
6180.80
5546.59
588.24
5695.91
867.34
6130.93
431.32
5174.80
1.33
2402.04
5558.69
194.97
1476.53
877.19
3804.03
8047.92
4312.59
2985.26
6516.10
7489.67
807.07
1750.73
5577.49
8108.17
1156.22
6259.78
8287.33
5044.28
856.53
4412.21
7191.63
7862.13
6075.60
5665.55
4323.45
3715.94
1263.98
1521.71
558.96
6559.46
7921.15
7827.40
3654.70
5475.66
3096.61
7433.68
128.16
2395.91
2633.45
8435.52
3786.24
4335.23
5937.70
4214.90
6718.42
3118.01
4153.46
4331.79
1755.10
7025.03
3349.95
1827.67
7188.82
1460.45
5922.65
3360.22
4447.31
6457.80
6503.62
6936.99
4921.26
620.31
1372.43
630.11
7638.09
7531.87
219.19
4889.60
5263.54
7029.54
6096.62
7273.69
3553.48
5610.60
485.14
4256.65
6867.92
7839.28
4093.18
1337.37
8320.33
7428.57
4503.55
4653.28
3437.46
4612.64
3641.89
2231.00
4095.12
2667.47
3703.89
43.87
163.12
1199.05
5902.75
987.52
4029.06
2460.53
5150.07
4195.07
5016.57
7361.24
4591.99
6369.36
6559.46
7090.67
3455.81
448.49
7306.32
3318.02
7637.30
1706.32
773.41
1190.21
383.76
6016.42
5989.93
2907.82
7284.34
7329.67
6821.04
582.77
5607.15
4636.88
7971.64
902.59
2161.51
7683.93
5202.23
529.47
7900.57
4514.59
2067.22
6848.55
6401.54
7199.76
3828.25
764.90
1236.94
759.37
2701.47
6102.09
5105.15
4980.43
6229.76
3998.91
4370.90
1041.53
5617.12
8236.61
260.59
284.34
4244.20
2887.76
3957.82
8260.51
2235.75
6092.50
7151.13
4268.65
1444.87
324.55
2333.44
4572.79
2875.14
5992.12
1697.76
6396.23
7719.44
5842.58
7700.32
209.87
5714.89
6380.93
3767.62
3676.86
3858.88
5795.07
5868.48
4854.86
3150.44
685.10
3023.92
5211.99
1086.04
2849.50
2666.85
8084.00
7262.20
2900.78
4607.53
7443.27
7638.33
828.21
7051.44
5856.73
1919.93
6671.68
2454.04
2710.83
4727.59
1449.33
1025.22
8412.16
5851.00
1960.67
1074.95
3567.21
4315.75
2790.86
123.57
6371.32
5767.35
109.41
2933.90
5254.10
781.53
6267.80
1203.24
8247.67
1591.51
4667.71
289.52
1811.12
5244.47
5447.53
7352.13
3213.79
7448.33
3208.96
3260.45
2713.47
197.58
3438.74
3535.39
6728.03
5180.65
6575.83
434.31
6502.32
3558.29
4182.31
5434.41
8242.01
89.79
3964.19
1605.07
1165.49
5874.65
1567.40
4928.87
625.50
3652.45
3604.57
3979.99
2235.02
5278.73
5634.50
3036.71
7839.75
1084.26
4121.07
5857.57
6997.03
3875.46
8238.37
2971.49
7045.71
7382.38
1134.83
7946.24
2611.72
4194.04
6058.32
1894.39
5228.10
2197.21
6456.83
3429.74
6385.47
2921.44
3480.94
1170.06
3746.51
5321.57
4551.00
3550.83
2290.43
5687.15
6407.41
6872.11
3719.99
1800.75
7457.84
5211.22
287.05
5296.00
7459.60
1681.31
4532.24
6354.69
53.37
5330.51
5945.96
4853.55
739.04
341.00
5128.61
139.35
5256.92
1389.84
3647.68
8377.31
4101.75
5774.29
1513.21
408.50
6639.98
1602.62
3909.18
5247.49
5515.11
3086.83
8115.20
6598.09
5542.90
32.52
7990.33
2904.66
3236.80
4320.14
2842.55
156.64
2762.78
5857.24
1957.50
7629.47
180.67
233.23
6973.23
4491.40
2332.94
6156.23
6727.30
8386.40
1387.43
1133.07
6995.53
3091.84
1245.50
2372.84
4297.65
2109.32
7048.66
3558.44
2214.67
2764.06
8134.02
688.17
3983.30
5584.20
7683.88
4359.46
856.38
5161.72
2120.35
3344.72
6558.43
8343.04
4404.54
8001.65
3857.73
4212.01
6337.42
605.06
6566.30
4664.61
2554.32
6221.59
691.06
5885.41
2420.34
1051.87
5489.53
2286.36
7713.27
6934.25
7300.10
2372.50
2027.08
7835.00
7493.16
6065.23
577.87
5242.91
5729.19
2741.04
1359.12
5327.45
3001.08
3512.72
2134.14
7459.46
3809.62
962.26
8019.78
778.24
6070.09
7167.44
1291.70
8355.72
8139.56
4102.21
4332.18
5647.23
7287.31
5050.68
5799.05
2639.25
1981.44
1226.48
4463.75
4599.86
1477.39
3960.73
119.94
6279.75
4468.90
6627.28
8128.85
7305.71
5355.86
5485.93
279.40
2552.75
3797.32
789.97
6488.68
3218.86
2138.51
7859.18
3872.47
3234.53
1263.12
6778.01
2167.99
250.42
2577.87
1988.83
8442.86
107.41
1979.73
6748.81
7966.01
570.72
6704.16
1944.19
384.25
3679.65
8300.94
524.19
4946.71
6660.54
2706.49
3848.68
7066.16
1722.72
3744.21
1025.97
7420.80
7148.68
5197.85
3576.36
7353.75
1990.63
6603.07
5873.09
1955.19
3105.67
1917.87
8112.55
803.36
3357.09
6591.66
5465.79
3138.19
1273.96
7515.42
1762.38
1679.30
1263.47
3387.56
2600.40
8201.18
6984.69
4180.34
7334.31
3768.65
5585.27
7254.77
5666.65
506.69
3892.40
4043.91
7629.76
7012.14
4460.26
6722.63
1458.21
8012.77
583.49
2714.52
7261.42
8390.16
2739.40
7867.20
5752.28
4116.28
7838.59
2197.72
7968.66
6194.04
8114.78
6925.52
5243.53
6819.33
3153.21
7738.52
8374.37
5242.15
2678.56
5809.28
7559.49
8298.25
657.27
7194.40
7844.84
7641.18
5192.36
5786.23
5713.26
2139.24
1196.73
2067.85
3326.73
6624.15
8112.41
1496.38
348.57
5641.88
4629.35
8209.29
1716.06
2532.70
4230.57
5570.22
2354.07
6566.50
1236.76
3685.87
7032.42
1512.36
730.50
6634.94
3488.01
1589.27
2434.28
588.27
2266.57
2267.89
6255.88
6546.73
5930.97
6844.81
1314.36
2324.38
1538.41
5444.03
2034.79
130.91
3828.76
6541.91
913.84
270.93
7883.57
7087.31
4325.93
141.23
4865.18
5877.80
3104.54
3005.98
4922.58
5146.39
5185.08
5723.15
2061.68
3684.18
7282.11
6848.14
6393.72
7073.25
835.32
7719.92
6584.02
3894.20
6330.51
7941.06
6817.79
4077.44
5694.23
6775.76
5781.44
2551.90
7195.13
905.36
7252.28
4998.05
1840.78
6216.08
1396.62
6626.02
5732.12
6094.76
476.43
4406.53
209.21
7723.32
2322.75
4602.07
3879.40
307.46
2046.57
6245.57
2989.62
2677.26
902.92
472.28
1052.13
5747.26
2128.71
816.06
806.49
1493.21
4981.32
5721.04
6609.15
4895.50
8058.96
7671.16
8041.79
6444.96
33.20
6044.37
1721.90
305.02
2712.48
3271.91
5960.52
5927.32
1166.08
542.74
2072.29
5265.59
2247.06
2145.62
8246.24
2258.24
3003.35
7794.13
7408.72
5301.15
8387.38
2327.92
513.24
8113.67
6996.01
2483.35
7791.50
6655.34
3504.31
2958.52
7650.29
3149.77
7717.87
1853.76
6152.07
3906.76
5930.04
2436.59
4654.99
8041.26
3947.08
3483.42
2729.22
471.85
1379.05
2668.30
6915.96
5598.21
6565.23
4229.98
2948.83
4489.55
8401.89
8342.78
858.60
501.37
7265.46
939.69
8010.91
2079.77
414.71
8325.01
7191.51
698.30
1726.08
5854.96
1149.77
5900.81
743.36
3673.26
7664.88
4197.10
1066.50
4841.09
2002.82
3172.71
6888.68
5698.97
6254.18
51.20
7139.92
665.38
858.22
3845.36
579.24
8194.85
6692.33
5147.54
3624.54
307.46
5718.11
7852.81
3247.82
4680.30
5253.63
7898.76
2567.42
2335.44
5018.77
2146.07
105.18
4207.68
2876.35
1822.49
3161.37
3581.38
8221.87
5916.90
2110.77
4107.92
4580.22
7700.86
5303.53
6747.20
3753.47
1670.31
4941.70
734.02
2743.47
4012.16
6113.33
6328.99
4006.55
5056.66
5728.14
4780.86
6003.95
4270.02
4527.45
5843.31
4522.09
6416.05
4878.75
2469.50
1935.97
1680.21
7127.19
936.78
714.43
7420.06
6527.73
3603.64
4329.13
4037.38
6542.77
8150.48
3964.86
4822.13
6290.01
6947.96
8189.10
2036.93
424.86
1890.25
3337.09
1190.00
3286.18
3013.89
617.84
1955.07
1853.56
5348.36
4856.78
6947.90
382.55
6899.02
1285.44
5815.78
8069.14
5938.08
546.62
47.13
3374.05
8436.41
2097.44
4531.61
7070.62
3073.45
7767.45
8303.26
5600.49
5661.51
6274.64
7823.22
7571.38
931.82
1158.59
7305.52
4215.94
2906.27
1168.20
1790.34
8231.56
6380.98
7601.68
192.89
7549.46
3586.92
3864.12
1547.50
6558.31
5968.28
2229.38
1572.60
2516.64
8394.34
6032.26
1737.84
5681.97
2432.67
6340.40
107.18
6420.85
2575.71
3660.55
1097.14
1719.70
7082.01
4132.68
714.15
4183.18
571.82
7162.49
6390.29
5943.96
7010.99
401.11
6771.91
6874.86
6613.44
7804.29
7051.51
8051.16
8369.50
5475.92
6177.73
725.21
954.20
7177.69
653.61
253.63
2266.14
1627.14
8024.49
251.03
3291.14
2871.24
7231.93
4620.51
346.02
7564.03
6210.17
1603.71
7062.23
3528.49
604.37
7381.59
4326.78
4106.19
2594.61
2876.03
2936.37
4316.40
4697.69
4530.44
2057.17
7471.35
7288.01
1157.16
3648.67
7388.07
1904.64
3894.37
4760.21
3903.28
7144.96
4941.23
1198.81
1258.20
2244.59
3464.49
3046.45
5664.07
8410.31
1675.38
946.45
2402.75
6099.58
2111.14
4818.14
3097.01
7080.94
2774.32
269.66
1046.20
8027.48
5227.71
3801.86
5231.26
7127.10
2630.78
7608.68
2136.34
4825.38
3979.76
3550.49
4165.23
7986.14
1314.59
5640.73
5375.70
4496.83
6328.65
4451.38
6619.55
7090.56
6841.41
6365.86
984.02
6144.12
899.15
6281.56
1176.43
8133.94
4655.70
7460.52
3089.39
3327.74
475.79
6568.40
595.48
8403.87
3728.58
2525.64
1478.23
7429.77
7675.56
7762.34
4423.08
3403.53
4044.53
4021.86
7257.25
4849.69
8440.96
6410.95
5945.21
6315.76
2655.02
1421.17
8094.98
1370.17
4257.49
170.61
3414.12
2576.65
4194.34
4615.98
1482.25
4941.16
5002.02
7726.85
734.83
6694.04
3589.02
6862.12
5711.77
7201.70
6278.43
783.30
2914.19
7202.59
2695.95
4123.49
7302.40
2563.59
931.14
3410.30
1020.57
3980.27
5135.42
2707.48
1374.60
3229.64
4984.01
3155.33
6536.73
2943.26
4880.51
3246.75
8150.04
5645.70
3230.14
1390.36
3291.99
1984.92
6467.91
1319.31
37.93
1611.79
1541.46
7218.93
1583.88
3597.91
4526.68
6615.76
6991.20
7130.35
3000.53
1736.20
3390.06
3065.93
6149.51
5108.16
1506.16
51.44
7811.60
7548.68
7404.89
6133.44
7426.98
7789.64
6678.73
8418.29
262.10
7133.30
6363.14
4598.39
4824.30
352.32
1313.84
7748.89
7472.41
7125.73
5038.24
2252.85
2181.69
125.25
6729.51
2369.14
7231.73
1740.59
4531.50
6042.18
6463.02
1119.07
770.46
5213.40
3325.57
8081.31
6156.54
8448.15
1236.19
7959.90
5703.26
1265.73
5041.53
7036.97
6228.82
2334.83
1593.46
3054.74
7948.12
8302.82
2175.45
8045.32
7559.40
6724.28
5608.95
2633.95
2638.70
2562.46
1236.43
3612.89
5532.11
7039.20
3913.10
2049.30
1833.76
441.97
2162.36
7309.03
2840.59
4163.39
1069.93
7387.29
4281.73
5530.56
7422.69
2992.10
8270.11
5712.90
6671.00
8039.92
4565.99
698.35
497.68
8205.16
8202.45
179.57
3172.02
4246.00
56.36
1176.23
384.56
7291.91
2879.35
5249.40
1301.76
261.69
2004.96
4081.06
7730.67
2152.20
1714.33
3648.67
3790.69
6377.26
2047.68
7818.54
3441.09
5013.07
4160.64
1495.72
2886.57
5517.55
2612.45
3442.24
568.94
2723.88
2714.90
664.66
6820.42
3803.51
6937.10
1399.67
7910.91
7628.02
4706.35
2499.13
6439.29
3967.78
3958.42
7151.93
8361.01
1243.84
3930.46
1624.97
5329.03
1970.82
7884.96
6304.88
7518.22
7694.78
4289.26
8429.06
7071.40
6164.55
4708.07
6743.01
7001.05
7586.31
8077.44
2568.04
3046.75
402.37
5460.83
3331.74
1578.18
6090.41
5099.94
4728.14
6643.55
5380.35
390.02
3881.06
2878.20
2818.82
8278.46
1015.55
5067.71
1248.89
3538.51
3834.69
3723.18
2887.05
953.15
3707.66
6733.65
4259.91
4965.59
1041.75
7707.76
4857.23
7630.71
3920.90
4070.20
5924.78
3648.30
8384.66
4438.69
1075.47
505.20
1003.20
5314.08
3699.74
8023.38
6911.74
4420.39
5367.34
5852.55
3733.46
5160.81
7843.14
6614.08
6403.25
95.79
6839.79
6901.67
7369.24
2211.44
5574.74
8371.69
4563.18
5717.46
4859.59
5205.09
3783.67
6034.63
2318.79
1707.96
1237.46
4955.57
3762.52
2185.82
5212.51
4132.50
4046.07
1086.86
7404.99
7345.12
1388.51
770.88
4358.71
5962.95
7358.93
4396.74
1350.22
445.35
5940.60
2036.15
5999.17
4575.38
6370.94
6531.04
512.27
6622.56
4257.34
1166.66
7064.69
1736.43
5517.96
960.59
2008.58
2735.23
5526.64
7588.89
1444.83
5707.81
5141.75
1105.18
7249.36
5959.42
5003.68
552.66
5500.77
642.95
2308.69
1294.41
5382.61
6090.48
79.24
3917.45
7466.58
7014.46
2957.57
3375.47
6366.04
8284.02
7309.84
3569.51
3597.40
5123.03
7174.45
2314.80
6958.12
4332.68
6683.88
6190.39
4152.01
2705.77
7669.85
1674.32
714.59
1754.51
2303.01
4431.83
5919.74
4711.56
4374.64
1005.59
6276.97
2988.48
5808.41
3596.06
2280.12
8139.45
8304.14
1023.50
3376.88
6226.24
6711.19
4591.41
5391.57
5295.53
284.32
3541.63
539.10
3659.58
7618.20
6880.27
6143.56
3003.35
6493.38
6117.47
3458.93
4150.23
7550.26
4160.34
165.49
6143.29
109.41
2385.27
773.96
4802.40
8042.95
5984.86
497.63
1560.24
2678.34
1250.37
2082.47
896.95
3154.26
7749.90
2944.38
1281.40
7399.58
7669.07
3530.76
8074.26
1061.06
1235.47
4663.69
4456.78
4309.05
8277.55
1308.20
2269.11
755.31
5022.03
3916.88
3934.53
1413.01
3470.27
7469.91
6894.85
7462.97
3074.62
5125.84
6749.16
6802.60
7303.92
4817.44
355.36
59.94
4934.42
4851.21
311.23
6545.67
6299.00
6815.01
2541.26
2512.67
4035.05
6012.91
6461.73
2980.26
6499.95
5200.37
2269.72
1506.25
7803.60
4144.49
5008.85
9.88
1896.66
7027.79
3034.33
2229.90
3800.86
4668.70
7766.84
5789.80
7350.15
159.77
1011.06
539.90
5425.60
8077.85
4236.18
8181.58
94.61
5104.86
3339.30
8246.09
1560.17
3387.12
5885.60
4956.82
133.88
6778.07
4983.75
6595.59
988.82
3658.56
184.58
7116.60
8297.57
3956.39
4005.72
102.86
692.37
5551.80
5533.89
5368.26
4267.37
22.09
8370.47
4300.24
7670.53
1485.05
3487.04
6168.40
1844.74
7491.84
3509.90
2341.03
2129.77
2381.32
5841.64
6767.59
6048.53
4278.09
5129.77
5188.04
866.43
8017.24
7543.75
5958.12
8424.16
2624.14
6194.02
544.03
2778.30
1741.24
4887.85
2678.38
1461.50
4179.59
4274.01
2168.71
250.14
4974.03
2777.19
1453.29
1227.85
3599.58
5442.16
3341.17
711.04
7343.22
6898.07
571.85
1513.54
8201.76
7525.77
4778.95
804.55
1775.85
5207.59
8210.48
5066.89
7914.10
1161.20
5231.18
3050.91
2644.72
4108.36
3282.18
7959.13
1172.67
5418.78
2277.41
8119.60
5776.75
3615.44
2066.25
7165.03
5746.73
4563.96
8326.99
124.91
2850.31
3300.43
3591.31
5184.35
