204.61
1420.77
3039.51
1909.82
1692.35
2421.13
1576.18
1785.74
2894.44
464.10
1255.21
1283.79
895.52
3158.67
1496.66
1067.84
3001.88
1384.65
2106.56
790.94
943.40
541.19
777.67
805.27
866.35
1002.90
1263.34
3173.36
645.65
423.05
2224.78
2484.64
1979.99
2088.30
2983.16
416.38
297.69
2531.38
2925.26
1630.16
2581.07
1659.70
3076.00
1069.81
852.52
2854.55
3229.01
2357.58
2435.83
1308.08
1107.13
1505.89
2059.02
1581.62
1258.25
1915.70
1889.49
3399.74
212.61
1330.41
3357.22
2525.73
2311.44
994.76
3171.59
973.02
2826.74
1086.28
1171.23
3348.33
677.37
2153.87
582.82
1118.11
1717.43
2233.45
1792.38
2057.81
668.03
3069.80
2470.75
2521.11
3171.23
1271.04
688.42
253.08
2770.76
3276.82
1466.42
1281.26
736.96
1268.31
231.43
1774.27
1017.48
342.39
1226.22
1787.91
300.39
2508.62
