47.9292
37.8753
58.2727
61.4647
33.2656
63.6234
57.6453
20.0797
52.8801
21.4316
27.5351
16.0162
50.8160
15.9044
58.4737
16.8594
17.7062
44.4212
97.1368
95.0976
63.7255
18.6444
28.7070
29.0327
57.7214
76.6310
76.7108
35.6193
39.5114
46.8765
21.7849
18.3295
37.1984
31.6464
63.1442
67.6779
38.9244
29.6949
52.7722
39.5426
96.8888
30.4311
97.8244
90.0377
80.7620
96.1926
15.5215
86.0184
67.0271
63.3254
41.1813
56.8594
40.7847
80.5661
76.2798
20.0313
97.1458
36.7448
59.4304
45.1842
38.2905
77.8662
49.4258
25.9594
52.6802
39.0776
57.6737
42.2381
39.8852
72.2319
57.4231
78.8611
58.4970
68.0088
20.4129
82.1291
60.4733
41.9644
94.7576
40.5736
34.2778
84.9951
43.1175
36.7967
34.2853
58.5253
76.0957
36.3128
84.6133
80.1648
38.7743
72.4860
27.5087
91.7706
24.5399
48.2673
56.6649
36.8626
24.7284
33.9291
69.6707
24.1555
43.4691
16.6677
81.3745
52.3300
76.7956
50.9855
40.7593
83.2489
80.9734
40.7696
33.0623
59.4133
49.4959
96.1437
36.4194
87.2454
48.6047
47.3755
45.7987
67.4251
92.1993
57.4300
44.0506
65.6104
83.7199
55.8898
21.3490
24.7783
84.6721
38.1378
74.1646
39.2693
61.9531
68.6627
51.4718
15.9434
22.6453
98.1835
60.3567
83.3944
64.6631
83.6954
23.0975
21.8828
82.8304
74.2811
98.3335
20.2831
32.5578
43.5935
55.7865
20.7901
72.0880
76.3980
18.5034
15.9358
60.0980
52.4866
36.9186
22.6547
65.8230
89.8196
61.5683
74.3344
29.8656
49.3447
48.8883
57.7908
26.8118
44.2418
25.5605
67.8971
72.3501
56.2196
34.7048
31.3142
93.0598
58.3796
32.6912
88.4917
33.2573
32.6137
24.3346
91.7680
25.7819
73.1874
92.4319
92.5641
28.1035
60.7025
46.4383
64.6494
72.0041
64.2155
22.3064
58.4387
62.9551
22.3142
33.1014
45.2704
29.5566
69.0803
80.0418
73.1364
63.7898
54.7891
50.9813
90.0381
34.7105
78.8580
64.3320
28.1654
34.3861
75.5511
98.0194
70.2171
81.6430
32.1254
28.2979
22.8169
77.1036
45.3563
41.3764
77.2749
97.6597
38.6696
73.4121
28.3120
76.9882
97.5272
82.5847
94.1043
83.3657
91.0993
71.1917
71.3402
25.5336
64.2934
68.3332
41.8258
50.1323
17.8330
17.3938
80.4555
22.1285
36.8006
57.1603
21.8956
25.3439
95.9979
45.8461
67.5819
96.7785
73.5319
48.9501
99.5136
63.7784
82.9934
22.4303
64.7192
34.3845
92.7457
66.6926
18.0151
46.1522
88.1224
20.2423
51.5626
63.7413
44.2452
55.2873
66.5308
91.2849
54.2218
47.4462
90.9261
85.6674
93.1797
81.8356
79.9324
67.7856
19.8605
66.5183
48.0234
59.6493
29.0242
71.8718
50.6710
50.6168
51.4003
15.0055
74.4791
36.7624
71.1678
94.3147
70.9855
73.1282
49.7629
29.4109
19.3958
75.7873
66.7941
20.3556
95.1279
37.7255
74.1618
21.0048
78.6261
79.2396
83.4071
87.0672
58.3466
69.4651
70.8935
44.9468
49.3340
60.8464
84.4749
59.6672
97.2156
74.4355
58.6965
21.8003
44.5026
83.8791
78.1434
32.1475
72.7101
62.5311
90.0321
50.8872
78.2880
46.6263
87.8123
39.2121
26.0263
54.4583
71.0082
74.5301
55.1719
87.3483
72.7426
98.9953
79.2869
78.8594
24.3578
72.9318
90.0014
46.5948
84.1702
34.3926
94.9018
16.5991
65.8561
99.9196
64.6659
89.5047
43.0134
28.6050
70.1841
34.0793
16.8188
81.9909
43.9938
35.3227
17.7682
98.5321
91.0678
97.1649
38.7568
19.6145
32.0095
20.8772
98.7405
48.6910
38.5734
29.1424
92.5063
41.5732
68.9082
44.6046
55.3892
73.6688
71.2046
72.2582
30.2149
74.9145
64.3408
55.2602
85.7553
27.3950
80.7057
18.7190
40.9027
63.5863
27.4717
20.9278
29.4895
32.2982
90.4628
33.2546
26.8809
57.1388
76.0835
79.2002
55.3772
94.3238
68.4170
33.3060
72.0782
87.7264
18.9699
89.9289
56.3384
53.0902
42.8666
71.2352
84.8879
58.2114
74.7498
42.8186
88.4614
71.7819
37.0439
94.4841
31.0446
40.8063
36.3549
77.9235
24.6773
77.9274
80.1762
79.5188
66.1677
55.3022
51.1103
67.4887
26.4623
68.0273
73.4165
99.3759
29.8834
20.3241
76.0203
50.3837
33.8387
31.4587
27.2173
73.8164
41.0210
91.4814
24.6437
43.0730
29.9974
61.8426
88.8708
29.7187
69.9981
45.0862
18.5203
87.9485
81.4489
95.0227
93.2319
30.7207
16.7854
73.6124
63.2472
87.3361
78.6519
42.4370
38.7444
15.4339
35.9247
22.2787
96.5155
66.4950
15.1692
49.1393
74.1333
51.3714
96.1370
42.4915
70.8159
53.0430
37.0597
47.7062
48.9434
98.0063
37.3162
82.4393
95.3952
85.7898
77.6983
70.4743
33.7588
74.5238
29.5390
50.3404
56.7249
61.8891
37.9644
25.4867
79.3663
31.6631
35.0732
87.0650
34.7665
95.8620
86.8379
33.4791
33.2658
79.2174
83.1831
37.0289
71.1206
92.1004
15.8819
46.4537
33.7331
68.9412
56.8975
17.8850
33.0964
29.8658
79.7372
23.7885
24.2718
68.4246
57.9080
62.4015
48.3046
21.0460
32.1427
50.1592
66.9178
55.8017
49.3547
97.7734
42.7926
42.0162
59.4526
20.1755
97.0363
85.1530
94.9399
30.1973
95.0378
88.3658
48.1775
45.8546
48.0578
34.1875
27.3324
18.9422
42.6348
16.4288
72.9942
38.9763
63.7199
70.7004
88.6967
15.2922
41.4845
91.9367
28.4481
99.7513
65.4982
53.7292
88.2832
91.3447
78.7553
21.4556
47.8124
63.6375
63.3340
42.8618
63.0354
52.7921
56.3013
43.8913
65.0710
33.9862
24.8621
89.5473
83.9047
46.9143
61.1785
39.5485
61.7155
58.8127
99.6517
85.8644
54.3734
63.2639
78.5783
94.3047
84.0282
60.8139
31.4498
68.9880
65.7929
80.4289
70.5852
15.6768
58.7401
90.7719
37.8655
36.0128
29.2693
78.6399
44.1501
75.7549
84.0062
63.4187
25.2728
50.9278
66.8822
15.2323
36.9719
51.4954
21.1966
38.4498
31.7920
52.8028
50.2180
69.5147
95.7644
67.4076
66.9443
16.7660
31.2712
72.0609
81.1257
75.9351
42.0759
29.5779
63.8299
90.1817
27.1411
81.8466
34.1103
54.9655
80.0750
16.7527
25.4395
33.4329
76.7181
18.8781
81.3609
34.6858
47.6086
55.7207
84.2717
26.8811
52.6279
18.1324
91.4749
16.6553
55.7934
49.9874
64.6537
36.5870
66.0279
94.7226
55.2946
17.2091
88.3330
68.7539
85.0681
58.9531
17.1715
60.6132
94.1155
58.5384
24.2276
59.8263
21.9457
78.1039
67.1985
75.3410
42.9847
57.7048
25.3918
56.1326
96.2635
22.5222
59.5052
85.3773
80.7056
93.6638
82.8346
47.6813
37.1382
64.2025
36.0395
40.7577
22.1501
88.5000
86.7330
21.3722
59.4745
62.8714
96.0698
80.7513
17.0429
90.5343
61.1031
46.5968
85.0308
86.3541
56.7299
87.3253
47.4852
34.2965
51.3404
72.4374
96.0465
42.4955
35.9637
20.6766
51.8792
64.5630
80.0452
93.1702
24.2970
75.5659
81.1567
53.1749
88.7005
24.1071
16.4983
96.3628
98.7928
43.9949
49.5375
76.3082
20.9800
19.1462
50.3683
99.3373
87.1502
75.7904
90.9025
60.5497
56.3741
49.7880
47.8103
30.9826
35.1116
98.8612
98.0218
90.0615
98.2261
72.7860
84.5754
34.4952
57.5566
83.1714
77.5218
21.5826
48.1076
70.9454
81.3930
82.2931
27.2329
22.8854
22.1614
95.5571
29.9900
16.4076
87.9368
39.4031
74.0641
67.5239
93.9567
29.1269
80.3235
17.9809
69.2695
23.3874
82.8494
30.3324
42.8913
55.2159
42.3993
51.5082
37.9390
23.2598
61.8209
92.4228
50.7160
19.1978
80.8944
67.2109
29.3649
82.4180
82.8178
85.1631
59.1278
46.0643
53.0194
60.8287
58.3699
73.0254
33.3362
34.6542
34.1855
32.2212
67.8160
75.1319
73.9293
90.8643
56.5228
57.1253
57.7149
29.1495
24.4003
37.4629
92.1366
48.3121
22.8630
92.8117
93.1121
42.6569
99.9547
77.7622
72.4137
60.6595
58.9940
43.7921
17.4883
69.8617
67.9225
62.5483
96.3500
90.3926
97.8350
58.4117
58.4776
87.3987
56.9542
86.9146
61.2492
98.1495
23.8184
51.9866
37.6654
86.1464
74.7652
75.4369
18.6324
70.4457
89.4231
30.8856
65.9226
32.5034
20.1712
35.3074
70.4525
60.3921
79.5762
64.5744
22.3234
23.1857
20.4911
90.1577
47.0451
50.4158
84.9571
96.9672
28.1269
68.9463
75.4727
72.1210
44.7918
57.1589
23.9909
94.8225
15.0411
80.8417
60.6847
83.5300
85.0618
93.0102
87.8494
45.2040
53.2307
99.0837
83.6463
69.2600
67.7541
94.9921
71.2876
52.3556
42.6304
37.2868
21.3403
26.4044
18.7055
23.6556
21.3577
68.8209
35.9552
31.8521
18.4593
96.4650
90.2865
16.3975
98.3237
74.2341
92.3600
17.4988
82.9696
41.8371
47.0762
51.9844
64.3939
38.0534
76.4377
24.9747
32.8310
18.2349
50.1273
40.3025
82.4743
62.8136
19.4418
74.8173
15.4335
26.9490
28.9756
30.8102
72.7024
91.2980
24.3707
46.6465
93.6030
37.2237
19.1408
46.2230
62.4186
85.1216
91.7734
63.3880
48.7895
31.8340
90.1913
47.7038
32.0486
68.4446
60.9935
18.1950
31.5493
67.4064
99.1297
43.0713
41.1919
47.2725
65.8913
90.2421
74.7741
92.0086
49.6738
47.4138
49.1789
77.5183
55.3839
99.1784
79.2097
26.9586
31.5984
46.0686
87.4992
86.7569
89.3144
72.0669
23.0933
63.3000
15.0567
32.2958
42.8963
44.6850
54.6622
57.9282
54.3217
58.0266
86.1945
69.4008
96.3023
17.2563
37.6345
56.7997
35.0125
23.9609
71.7893
72.3805
18.8072
63.5976
28.4061
43.5406
24.6693
54.9502
57.0567
88.9598
49.9204
51.0657
26.0542
63.1742
18.1125
54.2222
36.8307
45.8652
51.9929
26.8524
46.6262
32.6762
74.6655
47.4891
40.9066
61.0223
27.6977
40.2648
21.8177
53.1076
42.2847
50.3709
74.1329
82.4589
67.3705
33.0326
66.2451
15.1787
75.8998
22.7461
40.7245
36.9389
87.6960
26.8242
34.5291
61.6545
51.5969
62.5246
73.7326
60.9473
58.0273
46.2435
86.2753
51.5413
30.7112
91.2786
94.7287
38.3748
22.7229
23.2355
78.5550
18.9927
54.1489
35.9926
92.4651
25.9657
61.8568
79.1889
61.8468
93.1158
16.6135
85.6023
99.8194
56.7719
65.0359
71.8062
51.8858
44.0109
78.5682
88.7336
80.6275
49.1757
46.0798
26.8878
89.1190
31.8356
49.6114
87.8305
86.0433
31.6037
55.7402
87.8584
65.0390
76.5209
30.9607
61.3136
69.4462
75.6188
49.4782
42.0761
92.7900
79.2143
25.5838
43.1781
97.5214
30.4337
61.7157
23.5242
60.0726
67.7542
85.9837
48.9246
87.0268
53.2794
99.4184
97.2941
